0.185025
0.050361
0.115461
0.026707
0.019968
0.012159
-0.003673
-0.010697
-0.001894
-0.010570
-0.005547
-0.005547
-0.007653
-0.006576
-0.010455
-0.010455
-0.008651
-0.003160
-0.005471
0.002802
-0.004506
-0.005748
-0.005748
-0.005748
0.001242
0.001242
0.008296
0.005350
0.005350
0.001242
0.003323
0.005748
0.008417
0.008417
0.004463
0.004463
-0.001751
0.002999
0.002999
0.003321
0.006730
0.007767
0.002878
0.004114
0.002645
0.001661
0.009096
0.000000
-0.001926
0.000984
0.002220
-0.002220
0.002220
-0.000207
-0.000984
0.005330
-0.004346
-0.001926
0.001926
0.002220
-0.002220
0.001236
-0.003204
-0.002955
0.005330
-0.004346
-0.001926
0.001926
0.002220
-0.004541
0.002220
-0.000207
0.000000
0.006272
-0.004346
-0.000984
0.002955
0.002220
-0.002220
0.006667
-0.002220
-0.002955
0.005330
-0.004346
-0.000984
0.000984
-0.002013
-0.002220
0.002220
-0.004346
-0.000984
0.004147
-0.006667
0.000000
0.002013
-0.000984
0.000984
0.002220
-0.002220
-0.000984
0.002220
-0.002220
0.004541
0.000000
-0.002955
0.000984
0.004346
-0.002220
0.000000
0.000000
-0.003557
0.002220
-0.002220
-0.000984
0.001926
0.002220
-0.004346
0.000000
-0.001926
0.000984
0.004541
-0.002220
-0.000984
0.000984
0.000000
0.000000
0.000000
-0.000984
0.002955
0.000000
-0.004541
0.000000
0.002013
-0.000984
0.002220
-0.004541
-0.000984
0.000984
-0.002013
0.000000
0.006667
0.000000
-0.002955
0.003204
-0.002220
0.004541
0.002013
-0.000984
0.000984
0.002220
-0.004346
-0.000984
0.001926
-0.004541
0.002220
-0.002220
-0.002955
0.000984
0.002220
0.000000
-0.000984
0.000000
0.000000
0.006667
-0.004541
-0.000984
0.002955
0.000000
0.000000
-0.002220
0.000984
0.002013
