-0.045269
0.047327
-0.047375
0.019415
0.009212
0.003553
-0.001077
-0.004935
-0.005401
-0.004417
-0.004417
-0.004417
-0.002311
-0.003388
-0.002311
-0.002311
-0.002311
-0.002311
0.000000
0.000000
-0.001242
0.000000
0.000000
0.000000
-0.001242
-0.001242
-0.002548
-0.002548
-0.002548
-0.001242
0.002425
0.000000
0.000000
0.000000
0.003553
0.003553
0.006965
0.006965
0.006965
0.006643
0.003234
0.004417
0.004417
0.005401
0.002106
0.003090
0.000000
0.000000
0.001926
-0.000984
0.000000
0.000000
0.000000
-0.002013
0.000984
-0.000984
0.000000
0.001926
-0.001926
0.000000
0.000000
0.000984
0.000984
0.002955
-0.000984
0.000000
0.001926
-0.001926
0.000000
0.000000
0.000000
-0.002013
0.000000
-0.001926
0.000000
0.000984
-0.002955
0.000000
0.000000
0.000000
0.000000
0.002955
-0.000984
0.000000
0.000984
-0.000984
0.002013
0.000000
0.000000
0.000000
0.000984
-0.001926
0.000000
0.000000
-0.002013
0.000984
-0.000984
0.000000
0.000000
0.000984
0.000000
0.000000
0.000000
0.000000
0.002955
-0.000984
0.000000
0.000000
0.000000
0.000000
-0.000984
0.000000
0.000000
0.000984
-0.001926
0.000000
0.000000
0.000000
0.001926
-0.000984
0.000000
0.000000
0.000984
-0.000984
0.000000
0.000000
0.000000
0.000984
-0.002955
0.000000
0.000000
0.000000
-0.002013
0.000984
0.000000
0.000000
0.000984
-0.000984
0.002013
0.000000
0.000000
0.000000
0.002955
-0.000984
0.000000
0.000000
-0.002013
0.000984
-0.000984
0.000000
0.000000
0.000984
-0.001926
0.000000
0.000000
0.000000
0.002955
-0.000984
0.000000
0.000000
0.000984
0.000000
0.000000
0.000000
0.000000
0.000984
-0.002955
0.000000
0.000000
0.000000
-0.000984
-0.002013
