0.000000 0.000000 0.000000
0.000000 0.000000 0.000000
0.000000 0.000000 0.000000
0.000000 0.000000 0.000000
0.000000 0.000000 0.000000
0.000000 0.000000 0.000000
0.000400 0.000000 -0.000700
0.010167 0.000002 0.000817
0.019917 0.000008 -0.000834
0.032419 -0.000003 -0.000015
0.046545 0.000000 -0.000730
0.058457 -0.000015 -0.001416
0.067850 -0.000028 -0.002125
0.082183 -0.000059 -0.002125
0.093742 -0.000086 -0.002130
0.103229 -0.000112 -0.002815
0.117182 -0.000149 -0.003530
0.129192 -0.000198 -0.003511
0.138456 -0.000234 -0.003505
0.152765 -0.000286 -0.004325
0.164978 -0.000339 -0.004325
0.174885 -0.000382 -0.004325
0.184419 -0.000421 -0.003626
0.201316 -0.000494 -0.005021
0.210989 -0.000540 -0.004321
0.220584 -0.000576 -0.002922
0.237248 -0.000618 -0.002931
0.246595 -0.000652 -0.003598
0.258820 -0.000689 -0.003750
0.273252 -0.000745 -0.003732
0.282692 -0.000770 -0.002333
0.294651 -0.000788 -0.001637
0.308975 -0.000811 -0.001637
0.318298 -0.000830 -0.003051
0.330419 -0.000874 -0.003742
0.344534 -0.000936 -0.005151
0.354101 -0.000982 -0.004438
0.365967 -0.001035 -0.004438
0.380260 -0.001115 -0.007239
0.389824 -0.001178 -0.005124
0.399213 -0.001219 -0.005141
0.415745 -0.001298 -0.004441
0.425407 -0.001346 -0.005138
0.439895 -0.001425 -0.006530
0.451957 -0.001508 -0.006638
0.461600 -0.001572 -0.006638
0.471153 -0.001638 -0.008039
0.487908 -0.001766 -0.008039
0.497190 -0.001832 -0.006638
0.511450 -0.001932 -0.007339
0.523961 -0.002015 -0.004860
0.533392 -0.002058 -0.003464
0.547588 -0.002104 -0.002763
0.559554 -0.002132 -0.002065
0.569146 -0.002152 -0.002065
0.583586 -0.002175 0.000048
0.595628 -0.002176 0.000061
0.605197 -0.002175 0.000061
0.619390 -0.002178 0.000066
0.631300 -0.002179 -0.000634
0.640900 -0.002181 -0.000635
0.655417 -0.002197 -0.002047
0.667244 -0.002213 -0.001357
0.676858 -0.002221 -0.000675
0.686460 -0.002231 -0.000658
0.703108 -0.002247 -0.000659
0.712745 -0.002255 -0.001359
0.722259 -0.002271 -0.002058
0.738694 -0.002304 -0.002059
0.748189 -0.002328 -0.003476
0.757570 -0.002361 -0.003476
0.774459 -0.002436 -0.005705
0.783957 -0.002491 -0.005003
0.798431 -0.002556 -0.005005
0.810278 -0.002624 -0.005705
0.819754 -0.002669 -0.005019
0.829433 -0.002716 -0.004322
0.846138 -0.002773 -0.003622
0.855713 -0.002806 -0.003627
0.867673 -0.002851 -0.002922
0.881867 -0.002900 -0.004318
0.891512 -0.002943 -0.005021
0.906066 -0.003004 -0.004860
0.918088 -0.003071 -0.006260
0.930182 -0.003138 -0.004860
0.939546 -0.003183 -0.004151
0.953942 -0.003235 -0.003453
0.965824 -0.003266 -0.002052
0.975375 -0.003284 -0.000652
0.989855 -0.003298 -0.000651
0.999296 -0.003309 -0.000669
1.013665 -0.003317 -0.000646
1.025547 -0.003318 -0.000659
1.037584 -0.003323 -0.000663
1.047219 -0.003327 0.000038
1.056898 -0.003329 -0.000662
1.073453 -0.003348 -0.001354
1.083157 -0.003361 -0.002186
1.092478 -0.003384 -0.002872
1.109287 -0.003431 -0.002873
1.118730 -0.003455 -0.002887
1.128210 -0.003478 -0.002189
1.145071 -0.003509 -0.002897
1.154723 -0.003536 -0.002195
1.168730 -0.003566 -0.002195
1.181049 -0.003595 -0.003028
1.190627 -0.003618 -0.001631
1.204977 -0.003646 -0.001608
1.216764 -0.003663 -0.002317
1.226182 -0.003685 -0.002317
1.240687 -0.003710 -0.000918
1.252702 -0.003725 -0.000916
1.262064 -0.003731 -0.000215
1.276355 -0.003730 -0.000945
1.285824 -0.003732 -0.000260
1.300144 -0.003722 0.002540
1.312262 -0.003690 0.003241
1.322093 -0.003656 0.004775
1.336368 -0.003573 0.006160
1.348292 -0.003506 0.004745
1.359966 -0.003449 0.004755
1.369566 -0.003405 0.004755
1.383966 -0.003327 0.005454
1.395905 -0.003265 0.005456
1.405285 -0.003217 0.005471
1.419175 -0.003146 0.005491
1.430925 -0.003083 0.004775
1.440777 -0.003043 0.004789
1.455043 -0.002983 0.003405
1.466843 -0.002949 0.001305
1.476043 -0.002942 0.000605
1.490704 -0.002937 -0.000946
1.502584 -0.002951 -0.000955
1.512126 -0.002962 -0.001659
1.526231 -0.002986 -0.002361
1.538226 -0.003012 -0.001541
1.547684 -0.003026 -0.002241
1.562194 -0.003054 -0.000823
1.573996 -0.003060 -0.001532
1.583567 -0.003078 -0.001525
1.598047 -0.003100 -0.001525
1.607323 -0.003114 -0.001525
1.621726 -0.003138 -0.000826
1.633816 -0.003143 -0.000827
1.643213 -0.003141 0.001960
1.657529 -0.003114 0.001976
1.669222 -0.003096 0.001274
1.678614 -0.003084 0.001274
1.693297 -0.003068 0.001275
1.705518 -0.003056 0.001154
1.717479 -0.003042 0.001856
1.726880 -0.003025 0.002558
1.741473 -0.002988 0.002558
1.753441 -0.002964 0.001016
1.762814 -0.002957 -0.000383
1.777061 -0.002960 -0.001071
1.786838 -0.002978 -0.002582
1.801157 -0.003023 -0.003981
1.813180 -0.003066 -0.001861
1.822795 -0.003084 -0.002563
1.837150 -0.003129 -0.003972
1.849026 -0.003175 -0.003980
1.858596 -0.003218 -0.005381
1.873050 -0.003289 -0.004677
1.884921 -0.003350 -0.004665
1.894444 -0.003391 -0.003964
1.906402 -0.003432 -0.003278
1.920755 -0.003485 -0.003975
1.930360 -0.003532 -0.005374
1.942283 -0.003594 -0.005386
1.956475 -0.003664 -0.003297
1.966205 -0.003700 -0.003998
1.978166 -0.003759 -0.006085
1.992382 -0.003857 -0.006891
2.001901 -0.003931 -0.008990
2.016256 -0.004053 -0.007580
2.028189 -0.004155 -0.009688
2.039980 -0.004256 -0.007577
2.049419 -0.004323 -0.007571
2.063882 -0.004441 -0.008286
2.075868 -0.004533 -0.006159
2.085583 -0.004593 -0.006159
2.099824 -0.004679 -0.005454
2.109576 -0.004732 -0.006191
2.123928 -0.004818 -0.006193
2.136082 -0.004902 -0.007711
2.147789 -0.004988 -0.008441
2.157363 -0.005064 -0.007741
2.171773 -0.005184 -0.009857
2.183350 -0.005301 -0.010558
2.192874 -0.005398 -0.009857
2.207400 -0.005528 -0.008458
2.219357 -0.005634 -0.009159
2.228962 -0.005717 -0.007757
2.243460 -0.005818 -0.007653
2.255036 -0.005908 -0.007653
2.264466 -0.005979 -0.006236
2.278837 -0.006062 -0.005536
2.290975 -0.006131 -0.006256
2.300367 -0.006180 -0.003470
2.314854 -0.006230 -0.002759
2.326693 -0.006264 -0.004174
2.336054 -0.006302 -0.003475
2.350817 -0.006357 -0.005833
2.362652 -0.006436 -0.005817
2.372115 -0.006489 -0.005821
2.386292 -0.006559 -0.004430
2.395925 -0.006601 -0.005130
2.410222 -0.006690 -0.007251
2.422286 -0.006770 -0.006567
2.431854 -0.006840 -0.007280
2.443768 -0.006927 -0.007979
2.458132 -0.007038 -0.007963
2.467494 -0.007109 -0.007264
2.479488 -0.007203 -0.008651
2.493643 -0.007327 -0.008679
2.503165 -0.007406 -0.007985
2.515036 -0.007505 -0.008011
2.519842 -0.007543 -0.008696
