3.360751 -0.085521
1.577532 0.280736
3.132397 0.434183
3.193760 -0.079865
3.646589 0.082279
0.790205 -0.988314
1.340891 -0.462632
3.072918 -0.616739
1.111099 0.386741
2.215880 -0.111805
1.909588 -0.527280
2.515484 0.306173
1.459138 -0.561690
2.053604 -0.301352
3.808919 0.028703
3.664780 -0.147177
2.542847 -0.312960
2.869188 -0.899067
0.566410 -0.811360
2.427876 0.618710
0.065202 0.758025
0.971547 0.973287
0.548926 0.042522
3.216707 -0.431440
0.626716 -0.639727
1.603778 -0.281507
0.519162 -0.122019
0.435235 0.707569
3.995698 0.366197
0.873028 0.572373
2.051730 -0.227403
3.356449 -0.719324
2.450559 -0.146891
1.184126 -0.793220
2.550209 0.200811
2.097149 0.935388
1.974332 -0.781533
3.891100 0.738179
1.170067 -0.681351
3.085431 0.605207
2.106980 -0.373626
3.079655 -0.208632
1.600914 -0.088619
3.566118 0.064684
1.133259 0.490017
1.409833 0.940084
3.230898 0.917507
3.676106 -0.822943
0.279021 -0.958983
3.797308 -0.893853
2.103981 0.795766
0.344223 0.799042
0.768855 -0.920566
2.652908 -0.161712
3.560930 -0.632398
1.395572 -0.560293
0.256685 0.556781
0.080092 0.245583
1.830807 -0.852724
0.252383 -0.077022
0.953120 -0.182044
3.882537 -0.080127
3.608832 0.203654
3.403679 0.671065
1.066663 0.126653
2.159041 -0.595535
1.500828 0.606453
3.040995 0.345120
2.050141 -0.857356
2.670895 0.925102
2.126426 -0.049672
0.157121 -0.230982
1.750550 -0.283529
3.727340 0.861709
3.723239 0.833702
2.883809 -0.793513
1.137174 0.801793
2.954137 0.751209
2.559915 -0.616456
1.416195 0.842809
2.751446 0.857355
0.663897 -0.820690
1.760418 0.641851
3.520301 0.936789
3.316804 0.017598
1.321349 -0.990547
0.915873 -0.623504
3.573490 -0.425621
1.401441 0.255036
2.746680 -0.476228
3.825873 0.497357
2.354561 -0.927008
2.629216 0.443645
3.434705 -0.298989
1.758240 0.744057
3.695879 -0.429702
1.593747 0.105475
3.259068 0.350510
2.736874 0.915419
3.643888 0.248119
1.929963 0.275612
0.863300 -0.134254
3.801009 -0.982863
3.680513 0.992083
0.590640 -0.272545
3.524249 0.850839
2.564322 -0.801430
1.727814 -0.470752
2.478386 0.602048
1.124238 -0.417886
3.144008 -0.627943
1.229831 0.459403
1.788134 -0.238576
0.904427 -0.986092
0.750132 0.396193
1.104939 0.779022
2.225775 -0.976639
1.666005 0.772689
0.678428 -0.646599
3.627216 0.278397
0.412685 -0.703539
0.504301 0.850757
1.981776 0.351389
3.041901 0.740105
3.939007 -0.448232
3.740016 0.095446
2.737780 -0.689596
1.532753 0.657243
2.999084 -0.554044
1.474654 -0.774178
1.176641 -0.094638
0.929046 0.721568
2.337954 0.091569
0.977651 -0.077500
0.609559 0.713652
2.928594 0.819024
0.501900 -0.226661
3.173882 0.912222
0.656408 -0.651729
2.980286 -0.624614
0.298119 -0.505664
3.800416 -0.279671
0.210117 0.834789
2.086254 0.255760
0.704843 -0.265763
0.960249 0.230982
3.191192 0.034781
2.930618 -0.242402
2.626255 0.003671
3.869621 0.388182
2.557833 -0.964005
3.038939 0.300131
0.373922 0.238940
0.539610 0.387384
2.080840 0.040237
0.312929 0.790707
0.279626 -0.517170
0.818620 0.350640
1.845682 0.447951
3.278709 -0.071214
2.293275 0.576463
3.022323 -0.646687
0.207755 -0.349646
0.631229 -0.331968
3.999974 0.275812
0.817314 -0.635994
3.559823 -0.512945
0.501874 -0.950849
3.991196 -0.723773
0.216230 -0.164673
3.482159 -0.575463
0.289315 -0.229437
0.016646 0.555655
3.692277 -0.740673
2.375569 -0.973677
0.721489 -0.710108
0.652526 0.490309
1.566761 0.061104
3.652107 0.047491
3.278781 -0.506021
1.436381 -0.550713
2.209940 0.083486
2.317720 0.794111
1.810303 0.688226
2.749550 -0.529130
0.398560 -0.165653
2.123232 0.478933
3.029175 -0.046300
1.217181 -0.815013
3.968914 -0.073116
2.307884 0.882486
3.510455 0.761450
2.991237 0.280197
2.515640 -0.467160
0.141684 -0.570518
2.991211 -0.443991
3.332954 -0.103154
3.701506 -0.083463
3.493085 -0.394840
3.324150 0.173073
3.917737 0.751864
2.975245 0.029698
3.613465 0.943636
3.934383 0.307519
2.667521 0.289024
1.989034 0.969959
0.655872 0.597412
3.320047 -0.220667
3.555795 0.031064
0.307979 -0.355098
2.598828 0.273313
0.992176 0.480350
2.517919 0.728389
0.916548 0.067423
2.802480 0.168576
1.267469 -0.800741
1.315108 0.901771
0.925712 -0.352490
0.296644 0.152959
2.532289 -0.913242
0.894626 0.574394
2.604528 0.035444
2.042744 0.848208
3.885863 -0.145409
1.120168 0.568284
2.184428 -0.722310
2.877074 0.410600
0.453122 -0.534870
1.885934 0.194227
2.370160 -0.984240
3.777272 0.638203
1.803670 -0.053909
1.345405 0.045458
3.390738 0.581840
1.738053 -0.746390
0.012926 -0.665518
1.379772 0.551799
2.393925 0.851022
3.332973 0.113815
0.935567 -0.417137
2.701904 -0.504075
1.931801 -0.612872
1.927743 -0.936787
1.219823 -0.775687
2.848349 0.454551
0.730223 0.231789
2.487291 -0.576428
0.163457 0.356322
1.655935 0.879299
2.783935 0.576531
2.695746 0.443080
2.550561 0.453692
1.388463 -0.388025
0.738490 0.291288
2.436423 -0.691717
2.508632 -0.819741
2.922917 0.568978
1.313498 0.718883
2.961754 -0.354610
0.808851 -0.236795
3.683657 0.734643
2.739026 -0.716407
2.612521 0.709296
1.029062 -0.219899
2.129764 0.865432
0.350575 0.962907
1.041988 0.114583
3.509536 0.417231
2.744500 0.813929
0.374961 -0.771602
0.445103 -0.999906
1.446404 -0.690147
2.306762 -0.384474
2.372846 -0.936694
2.666226 -0.465834
1.155111 -0.929922
3.103069 0.295095
1.153518 -0.042262
1.318568 0.426400
0.759004 0.174394
3.937453 -0.465731
0.014314 -0.130520
3.309565 -0.371914
1.325916 0.146244
0.752804 -0.839232
1.745988 -0.063631
3.834548 0.326503
3.675722 0.729746
3.059486 -0.344748
2.796302 0.971893
0.484573 -0.507049
2.743143 -0.610105
1.535328 -0.744515
3.097094 -0.797753
3.772205 0.169996
3.665092 -0.879082
3.447668 -0.834846
0.814193 -0.715421
3.174627 0.538149
2.192168 0.979083
1.189154 -0.487023
3.619730 0.538243
3.638572 -0.711064
3.495916 0.128503
1.992576 0.601549
2.304798 -0.176898
0.651027 0.198581
1.095645 -0.103355
3.458316 0.780841
1.969595 -0.375019
1.854649 -0.928961
3.395769 -0.684891
1.983910 0.494461
1.164213 -0.300875
0.721685 0.461353
2.736714 0.655229
2.910201 0.635494
0.556233 -0.212144
2.412435 0.384975
1.969687 -0.709254
3.352534 -0.240251
2.897008 0.877927
0.712830 -0.319359
0.887862 0.015234
1.994102 -0.919826
0.485035 0.850637
0.552954 0.136152
1.441770 -0.754672
1.299228 -0.864784
3.727581 -0.325699
3.633939 -0.775589
2.488382 -0.351807
3.347311 -0.787456
3.272510 -0.486653
1.984298 0.776696
1.339887 0.814093
1.577309 0.336449
2.635325 -0.024722
2.435531 -0.289263
1.035624 0.117290
0.604920 0.600259
0.290180 -0.218224
0.431393 0.432399
2.588830 0.094720
1.454393 0.480901
1.153078 -0.106248
1.325543 -0.250051
0.364594 0.116395
1.709311 0.681608
3.737979 -0.865075
2.334281 0.407141
1.061845 -0.558643
2.634987 -0.987149
3.047111 -0.912217
1.949707 0.456591
0.629088 -0.906975
3.532146 0.938420
2.502661 -0.407257
2.070859 -0.661647
0.831374 -0.926365
2.230242 0.267044
1.704798 -0.437236
3.319756 -0.278172
1.577554 0.479588
0.977308 0.076111
1.304054 -0.501476
2.917440 0.293681
2.554617 -0.587440
3.939379 0.473802
1.352972 -0.995582
3.590241 0.529849
0.544298 0.074060
1.643152 -0.213805
0.021634 -0.037752
3.133128 -0.831220
3.097545 -0.732904
1.174712 0.856000
0.458671 -0.081271
3.462139 0.383491
2.884023 0.537609
0.196650 0.053654
1.796420 -0.209368
3.945868 0.978966
2.831636 0.066505
0.843532 -0.121585
1.895576 0.435557
3.460725 0.159531
0.375678 -0.183166
0.398237 -0.971700
1.531584 0.497884
1.207052 -0.109531
2.628480 0.295345
3.236381 -0.939352
0.526809 0.612297
0.206033 -0.225067
0.213689 0.136759
1.830862 -0.889179
3.123473 -0.931386
2.768306 0.549319
1.770241 0.584623
0.476445 -0.926968
2.358547 0.079168
2.314539 -0.341317
2.119597 -0.140773
2.380181 -0.958584
1.447667 -0.172536
1.217142 0.126322
3.554893 0.897416
1.906339 0.746193
0.679281 -0.490187
2.438916 0.435025
2.102988 -0.200153
2.475702 0.300445
2.384785 0.413991
0.934625 0.866352
3.319233 -0.821141
0.280361 -0.150453
0.395350 0.025883
3.694911 -0.004306
0.678598 -0.122152
1.926933 -0.476233
0.901964 0.886163
3.307078 -0.826808
1.163315 -0.415585
1.428772 0.498460
3.513111 -0.051875
1.377004 0.721174
3.259635 0.609281
2.636584 0.016739
0.145310 0.270492
1.029876 0.193904
3.113029 0.089771
2.503856 -0.650340
3.344415 0.852588
1.232626 0.948997
0.884037 -0.608924
0.792082 -0.319949
2.449768 0.075320
0.438931 -0.711507
2.698421 -0.573756
3.129049 0.585132
2.877847 0.723517
0.801409 0.226092
1.604751 -0.114423
1.262632 0.137508
1.736034 0.092444
0.923984 0.064437
1.542993 0.987055
2.131384 -0.881673
0.618895 -0.939870
2.221591 -0.135097
0.058317 -0.357907
1.520859 0.946293
1.528669 0.038096
1.221632 0.226508
2.949631 0.444753
1.041779 0.986221
2.598636 -0.052318
2.209266 0.054035
3.678364 0.002960
2.743945 -0.781826
3.239141 -0.752061
2.791393 -0.907270
1.247802 -0.432166
2.583556 -0.899473
0.024019 -0.958272
2.131839 -0.041090
3.375639 -0.219422
2.473787 0.117047
2.570770 0.247403
2.074060 0.206822
1.602836 -0.297820
1.448617 -0.029080
2.875469 -0.567086
3.207587 0.587757
2.711249 -0.891572
0.611503 0.525358
0.131571 -0.347806
0.254242 -0.904516
2.742887 0.643684
0.750466 -0.287676
2.475833 -0.039613
2.801205 -0.714222
2.271324 -0.341383
0.004502 0.998482
0.022837 0.512286
1.220955 -0.896630
1.046281 0.984703
2.621472 -0.540032
3.430221 0.157405
0.724645 -0.012337
1.365418 -0.321858
2.669362 0.405344
3.516038 0.080393
2.613220 0.245976
1.252918 0.505870
3.540057 0.122121
0.745059 -0.795114
0.628557 -0.713552
2.013844 -0.760832
3.315829 0.452288
2.702616 0.493270
3.616680 -0.058652
0.764447 -0.576791
1.578085 0.926184
2.824267 -0.470895
3.475696 -0.468363
2.189588 0.451542
2.955838 0.181299
3.729938 -0.372880
0.932476 0.095226
3.706303 0.893623
2.205772 0.587507
3.733680 0.381003
1.977628 -0.447760
2.210274 0.585989
3.756517 -0.106711
3.198583 -0.344390
3.256555 0.570692
2.377989 0.353257
2.628804 0.813015
3.981200 -0.441645
3.743407 -0.968602
1.298166 0.218359
3.497238 0.638748
2.356627 0.277374
2.551084 -0.275771
3.037294 -0.239131
3.101686 0.482260
3.179641 0.010678
1.051138 0.000037
2.417515 -0.065452
1.882257 -0.496052
0.667818 0.941385
3.181962 0.357757
3.460342 -0.569868
3.492085 -0.529510
2.657658 0.889394
1.649930 0.881674
2.447923 0.651789
2.387596 -0.483486
2.582406 -0.023100
2.154226 0.545412
0.593368 -0.895979
2.316086 -0.642097
0.131854 -0.902348
2.803641 0.690010
2.072603 0.251193
3.330436 -0.246738
2.060196 0.260702
0.450592 -0.395550
1.959240 -0.433723
2.041396 0.819057
0.193999 -0.364152
3.257406 0.784636
1.538634 0.457805
2.550625 0.913222
1.808490 -0.491135
0.575928 -0.781326
1.652311 0.395482
0.988130 0.519543
1.627066 0.218712
0.069826 -0.669970
2.870387 -0.976509
2.294885 0.160097
3.251788 0.687787
2.330729 -0.546377
1.786970 0.630587
1.909446 0.577181
3.980659 -0.664703
0.234893 0.282376
0.297042 -0.906305
2.563065 0.312197
2.389119 -0.172212
0.890409 -0.802285
0.879151 0.670100
2.520973 -0.074560
3.694051 0.887725
2.951754 -0.078707
1.851409 0.678701
1.754247 0.148427
3.402346 0.525743
3.810649 -0.755022
3.795643 -0.032515
3.596345 -0.838409
3.068055 -0.970386
1.334277 -0.574710
2.146970 -0.925187
0.876544 -0.461521
1.910205 -0.356036
3.799281 0.470295
1.864674 -0.941979
3.537271 0.862676
3.869108 0.800325
0.735061 -0.918488
1.832156 0.022773
3.120896 0.488112
3.065790 -0.464865
3.619126 -0.346640
1.030341 0.065293
3.046450 -0.129568
3.854019 0.935736
1.327383 0.158988
1.609515 -0.817372
2.243138 -0.236476
2.217793 0.356703
2.488666 0.852729
0.764111 0.688964
1.911844 0.244428
1.440420 -0.225978
2.615520 0.367666
3.666091 -0.607145
0.842766 -0.700236
2.426169 0.612644
3.461734 0.360340
0.439111 -0.538645
1.494223 0.642258
0.796011 0.785630
2.586081 -0.463833
2.370768 -0.819264
2.706216 -0.570405
2.385362 -0.993538
0.235442 -0.761242
2.243487 -0.707729
2.254470 0.806787
0.970503 -0.679731
0.075643 0.315043
1.375366 0.294899
0.036294 -0.144596
3.694769 0.968403
2.405707 -0.639807
3.082744 0.725836
3.548788 0.904139
3.733090 0.519180
0.692259 0.908464
1.791926 -0.332336
1.950883 -0.124117
3.180925 0.761193
2.556037 -0.643372
3.862726 -0.879689
0.621346 -0.464785
1.171556 0.724293
3.528817 -0.486833
1.464112 -0.165021
3.597725 0.336937
2.990551 0.873507
1.903223 0.296333
1.091948 -0.020805
3.786562 0.659137
0.489303 0.832501
3.462716 0.159931
2.492778 -0.911268
2.874665 0.838963
3.698158 0.398688
0.736265 -0.618997
1.129135 0.645750
0.668661 0.718958
0.811908 0.696046
2.504501 -0.059350
0.704955 -0.425638
0.506677 0.664450
0.910208 0.300842
3.787699 -0.699802
0.055465 0.568589
0.643298 -0.179977
0.479957 -0.791338
1.847391 -0.763747
2.594180 0.695906
3.660882 0.969855
0.403428 -0.407119
2.456907 0.816217
0.282228 -0.494931
1.574984 -0.682826
1.985724 -0.670616
1.746340 0.340048
1.172709 0.654111
0.976275 -0.797109
3.649562 -0.363618
2.264658 -0.366694
0.762837 0.862028
0.138865 -0.531117
1.727374 0.793237
3.255615 0.950761
3.013531 -0.692154
1.425532 0.191925
3.991880 -0.668236
0.142666 0.953596
2.094194 -0.089117
0.803787 -0.972190
2.647166 -0.105755
2.799149 0.485245
1.310464 0.692259
3.557374 -0.804913
2.586847 0.785443
1.365929 0.260849
0.200672 0.015110
3.066805 0.994105
3.213321 0.497101
2.794852 -0.288984
2.727687 0.963960
3.616749 -0.910018
1.251759 -0.472767
3.009915 -0.530971
1.191733 -0.592844
3.237483 -0.143383
0.756254 0.809077
2.364442 -0.938733
0.213758 0.059508
0.405817 -0.554541
0.629100 -0.305427
0.976594 -0.078463
0.544682 -0.085659
2.356474 -0.512190
0.232209 -0.127703
3.558213 0.222187
3.782007 0.679735
0.224089 0.204061
3.700879 0.175782
1.876200 -0.409381
1.027876 0.231871
2.348045 -0.929972
0.675349 -0.924136
2.338341 -0.075870
1.905419 -0.734885
3.262196 0.861307
3.704270 -0.815021
2.106090 0.280225
2.329001 0.855412
2.917591 0.682080
0.900942 0.991241
1.056688 0.819371
2.534339 0.772062
2.152701 -0.481526
0.066602 -0.711600
3.726072 -0.820782
1.390184 0.375091
0.822857 -0.902523
2.090515 -0.759515
1.603941 -0.565401
1.228673 -0.457064
2.719615 -0.064941
2.580536 0.356136
1.773355 0.457277
1.076089 0.422869
2.812745 -0.771567
1.331568 -0.320536
0.858096 0.102604
3.036834 0.432494
1.032447 0.855246
2.734296 0.693223
0.064710 -0.335636
3.380492 0.925274
3.409645 0.769087
2.403051 0.588494
1.285910 -0.809611
2.671841 0.630394
2.107321 0.773473
3.392000 0.470614
1.000841 0.485805
1.024912 0.455553
0.292943 0.461855
2.057529 0.305176
3.559251 0.227614
2.445644 0.980329
2.124131 0.593576
3.285323 0.406832
3.835828 0.355420
2.946988 0.691053
1.375838 0.647318
1.439769 0.790019
0.175661 -0.766011
0.095453 -0.417624
0.020305 0.146155
1.949017 0.691266
1.171542 -0.994755
2.833050 0.374588
3.280585 -0.629270
2.029638 0.107849
1.869883 -0.192919
0.313032 -0.774024
0.763934 -0.198928
1.934593 0.471445
3.693523 -0.848750
0.173579 -0.429841
0.337644 0.059939
0.979433 -0.658361
2.845419 -0.799447
2.444965 -0.166588
0.371434 0.812253
3.846261 0.686358
3.469876 -0.711035
0.664376 0.274108
1.903789 -0.008466
3.029127 0.516579
3.110020 0.254437
0.027920 -0.414889
2.314450 -0.076588
2.945848 -0.390143
2.974908 -0.723836
3.690288 -0.429271
0.385616 -0.600124
3.150570 -0.489847
3.785741 0.153106
0.405921 0.546031
1.099586 -0.798581
0.957283 0.158351
3.238971 -0.079381
0.380171 -0.427851
2.986921 -0.733800
1.108855 0.727700
0.693203 -0.201875
3.750856 0.067273
3.043448 0.199145
0.386726 -0.050626
3.924434 0.637432
3.381092 -0.740915
1.366159 0.291013
2.769854 0.837985
1.826057 0.092497
1.737592 0.103266
2.616115 0.524343
1.295933 0.381461
2.401969 -0.622626
0.519904 -0.484123
0.325060 -0.101959
1.511989 0.631811
0.547824 0.100988
2.639510 0.821452
0.457836 -0.758332
3.522733 0.377152
2.329799 -0.607818
0.843453 -0.358456
2.673302 0.887305
2.115539 0.545288
1.249374 -0.812425
3.772888 -0.911276
3.072822 -0.296361
0.488345 0.108194
0.153059 -0.339128
2.059744 -0.030161
1.597200 -0.164106
0.846262 0.458997
1.810599 -0.962888
0.640648 -0.964960
1.232987 -0.591629
1.735034 0.674544
0.021740 -0.705876
2.599146 0.699384
0.504888 0.512528
1.847796 0.386621
0.336739 -0.197350
3.121002 0.036871
3.143729 -0.231917
2.738707 0.180024
3.640906 0.552748
3.468789 0.666123
0.250696 -0.188165
0.188730 -0.346264
2.108300 0.487575
0.708532 0.053502
3.711463 -0.969112
0.438098 0.879757
1.551985 0.695047
2.384765 0.918192
2.553638 0.425045
2.801358 0.882622
2.157654 -0.993084
1.626460 -0.871317
3.289703 -0.009184
2.310713 -0.332211
3.686204 0.098522
0.886903 0.826710
3.156975 -0.873214
1.496803 0.135634
1.527551 0.861750
0.389962 -0.464843
3.231837 -0.189823
1.549290 -0.844126
2.989108 -0.765459
3.736725 -0.677294
3.397086 0.542495
3.325847 0.037191
2.857727 0.359577
2.540816 -0.689422
2.064554 -0.782785
2.498633 -0.087675
2.009605 0.976701
2.315250 0.029050
2.687363 0.566061
0.117905 0.464277
3.023782 -0.917448
2.398826 0.596949
0.556003 0.344034
0.575767 0.777599
0.783591 0.515141
3.109641 -0.230922
3.377125 0.660220
2.941245 0.522057
0.736101 -0.102238
2.666828 -0.348964
1.251958 -0.810154
0.422305 0.996284
3.553731 -0.522253
0.408933 -0.683368
1.919109 0.131917
1.081282 -0.660504
0.798895 -0.148212
1.150946 0.942095
2.630572 -0.504629
3.788004 0.086330
0.887670 -0.735200
2.027659 -0.962134
3.113851 -0.876479
3.745397 0.624377
0.568474 -0.651556
1.178405 -0.659264
2.244029 -0.463298
2.578079 -0.674855
3.493655 0.369786
0.931392 -0.897237
2.695984 0.789422
2.517437 0.452338
3.330219 0.699712
3.251987 0.133456
3.093204 0.229937
0.113810 0.214853
2.361628 0.902534
2.470329 -0.109843
3.055055 -0.263090
3.097730 -0.199704
1.137157 0.541194
0.307014 -0.073244
3.520035 -0.203421
0.690889 -0.981060
0.715947 0.243388
1.439143 0.928497
1.772171 -0.641563
1.514842 -0.904824
2.590089 0.870592
0.402743 -0.146193
1.302846 0.181506
3.477759 -0.864608
2.430401 -0.108327
0.416697 0.305027
3.223156 0.759769
2.998876 0.240117
1.595102 0.645764
1.467185 -0.703529
1.576955 0.565262
1.088757 0.015550
2.398578 -0.600765
0.272939 0.354683
3.606194 -0.532112
1.728796 -0.901054
3.524927 -0.511861
2.699398 0.697824
1.842607 0.313799
1.886555 -0.609327
1.169727 -0.412018
0.897662 -0.949290
0.984285 0.190969
2.306884 -0.870825
1.204675 -0.022534
0.504320 0.987548
2.997773 -0.851885
1.920622 -0.779146
1.943463 0.916045
0.769943 -0.493448
3.435464 -0.683970
0.533552 0.786636
1.172686 0.360359
0.738310 0.497537
0.011311 0.922028
3.603087 -0.747968
1.155006 -0.197436
3.234467 0.681797
2.601963 0.492149
2.750108 -0.551673
0.701652 0.978269
0.178918 0.057411
3.838866 0.463877
3.100230 -0.622497
0.451857 -0.587906
3.445060 0.931765
0.829027 -0.523550
3.976784 -0.099767
2.144458 0.629589
2.671633 0.790249
1.863339 0.290906
3.314185 -0.782430
3.569295 0.840959
2.847624 -0.518125
1.621069 -0.653254
0.773971 -0.181575
3.351944 -0.530578
0.618842 -0.505139
2.694593 0.039279
1.295407 -0.614533
1.388785 0.001413
2.130057 0.355310
0.344207 -0.882483
0.723545 -0.972238
1.705693 0.244423
0.188263 -0.921730
1.227609 -0.556898
3.310821 -0.193139
3.551858 0.658029
0.211907 -0.215642
0.207476 0.851757
3.508396 0.296902
2.326729 0.299205
3.135229 0.820285
0.263402 -0.628026
3.150917 -0.428231
2.998759 -0.897585
1.216302 -0.652842
0.951384 0.727782
2.257937 0.578462
0.796800 -0.024048
3.533196 -0.114670
2.693077 -0.350817
0.478718 0.404875
0.496945 -0.315297
3.386569 -0.899491
2.115568 -0.052391
1.435790 0.828120
0.376291 0.731313
0.194127 -0.953354
2.206724 -0.041369
2.379117 -0.184082
2.904747 0.275637
2.550931 0.076148
3.102662 -0.156320
0.610439 -0.479940
2.739194 0.154418
0.330271 0.286783
3.921260 0.326922
2.291052 -0.187553
0.542178 -0.928859
0.128736 0.178678
1.799448 -0.890651
2.868907 0.370347
3.263965 -0.001037
2.062850 -0.518677
2.019824 0.942116
2.262724 0.101378
3.279152 -0.171519
2.971208 0.669898
0.520660 -0.320160
0.075952 0.804433
2.504403 -0.444773
3.213738 0.329023
0.554669 0.209308
3.001348 0.239931
2.600306 0.429532
2.670238 -0.843083
0.437139 0.068050
2.976597 0.160845
2.864365 -0.796437
2.643863 -0.973319
1.355714 0.976763
1.769111 0.479201
1.194794 0.102829
0.458376 -0.179556
2.379551 0.999261
3.933988 -0.742752
0.788647 -0.892773
2.300811 0.326183
2.225040 0.069695
1.330825 -0.821632
2.429547 -0.495139
0.024488 0.179044
0.199732 0.548714
1.693512 0.503824
2.087338 0.660368
2.219556 0.490830
3.956236 -0.394798
1.366489 -0.511151
1.190763 0.160728
0.476896 0.285042
1.442441 -0.706718
3.695167 0.715955
3.690634 -0.385935
1.997110 0.502590
2.696515 -0.044114
2.290940 -0.956403
0.667348 0.659507
3.133654 -0.976064
1.267537 0.204442
3.531713 0.863070
1.777517 -0.949382
2.623251 0.181205
1.300824 0.342271
2.972310 0.153447
3.081627 -0.998352
3.680375 0.341532
2.906298 0.410695
3.870273 -0.891125
1.981186 -0.332286
1.131338 -0.519610
1.201098 -0.712757
0.410733 0.172575
1.155826 0.659434
1.400830 0.835957
2.104245 -0.323601
3.243164 0.319802
3.620386 0.326787
2.060480 0.281600
0.609654 0.808651
0.811149 -0.512485
2.537376 -0.433358
2.052095 -0.898067
0.506316 -0.796529
2.228010 0.180707
0.049205 0.604524
3.202831 0.159357
0.518950 0.224304
0.716553 0.264031
2.336485 0.183293
1.786487 -0.571254
0.248266 0.127101
0.114002 0.233911
0.409738 0.609950
1.549091 -0.530628
3.086312 -0.612642
3.491364 0.611599
1.229466 0.810904
1.992610 0.798053
3.361638 0.720474
3.210652 -0.521382
3.123949 -0.721557
0.562736 -0.992283
3.621385 0.651193
0.279775 0.937877
1.963566 0.843674
1.725630 -0.672408
3.522939 0.257679
1.583952 0.170461
3.786110 0.609192
0.132593 0.066330
2.395101 0.657976
2.323486 -0.824166
2.184687 0.168264
2.901417 0.861447
0.551496 0.356542
2.233892 -0.227212
2.104248 0.020804
1.070445 -0.419154
2.950446 -0.963182
0.440733 -0.795903
2.856932 0.009592
3.198712 0.163919
0.554734 0.438007
3.266670 -0.380458
0.747803 0.633291
3.641046 0.825365
2.758034 -0.768859
1.977269 0.444195
1.633657 0.623418
2.119672 0.951615
1.187921 0.922812
0.757605 0.901860
2.682408 0.959332
0.809306 0.574005
1.037381 0.839737
0.645974 0.803005
2.534935 0.901597
0.560320 0.097416
2.229926 -0.026534
2.321045 0.510789
0.692912 -0.836253
0.625027 -0.368558
0.644531 0.686623
2.877600 0.332011
3.526443 -0.507111
1.196027 0.043165
1.111492 -0.895202
1.630691 0.513693
2.266472 0.624011
0.061938 -0.858383
2.071424 0.717789
1.123404 -0.366397
3.260650 0.305536
2.626158 0.155797
0.390074 0.253145
0.008452 -0.061173
2.267204 -0.018838
3.148108 0.484286
1.985721 -0.616979
3.900861 -0.395421
1.267780 0.435901
3.173641 -0.694166
0.658466 -0.493560
3.950188 0.395233
3.982947 0.879839
1.695847 -0.653823
0.596162 0.198238
2.517882 0.781436
2.256167 0.443594
2.826088 -0.828296
0.838927 0.292225
2.949079 0.607341
3.451115 -0.196853
1.483459 -0.021152
1.826679 -0.060649
2.977558 0.296036
2.679486 -0.977986
2.938171 0.044150
0.608249 -0.190272
0.945958 0.646025
3.000108 0.185767
2.679673 -0.472482
2.069362 -0.720372
2.260758 -0.508697
1.305831 0.683314
2.459436 0.532773
2.269210 0.430129
3.573035 -0.335524
1.607544 0.017060
0.254931 0.813151
3.473896 0.269056
2.875325 -0.547039
3.428572 -0.881015
0.132363 0.775495
2.825513 0.848194
3.411519 0.998824
1.828210 -0.878328
3.421675 0.046432
1.929401 0.780260
0.084376 0.565266
2.247764 0.218137
2.768329 0.072485
3.033455 0.172607
1.698878 -0.978717
0.251787 -0.948666
0.860134 -0.888042
0.676437 0.317319
2.931273 -0.926652
3.798304 0.156108
1.284686 -0.872953
3.877231 0.719373
2.798412 -0.658125
3.964359 -0.345435
1.946593 0.999001
1.059170 -0.166823
1.270190 -0.662121
0.406030 0.531774
3.328380 -0.736693
0.843226 0.002355
2.013574 -0.451166
3.583311 -0.923543
0.317122 -0.728589
0.888899 0.001796
3.011883 -0.804558
0.449485 -0.953094
3.714412 -0.150010
2.423402 -0.805734
2.277694 -0.831421
3.136087 0.896422
0.352803 0.974526
2.362070 0.733845
1.383851 0.114559
3.121131 0.047012
1.395525 -0.093549
3.082729 0.135842
3.372919 0.098345
2.255659 0.018410
3.759166 -0.546839
2.304192 0.171693
2.053963 -0.825482
1.043852 -0.419792
2.181423 -0.108934
0.852376 -0.483608
1.008211 0.234773
0.128016 -0.109934
1.911546 0.349570
2.278401 0.572652
0.534046 -0.578159
1.239926 0.612876
3.121627 -0.424992
2.547620 -0.029325
0.823237 0.689334
3.438749 -0.153581
3.436519 0.972470
3.835120 0.884776
3.888234 -0.106675
3.150931 -0.177540
2.258521 -0.920958
2.165929 0.061904
2.287018 -0.281118
2.611324 -0.946432
0.527999 -0.204252
3.670869 0.833441
1.732455 0.100580
1.923525 0.702200
2.753598 -0.030717
1.105374 -0.801074
0.179184 -0.279391
2.512764 0.422443
3.409566 0.370619
2.233147 -0.104873
3.556615 -0.997349
1.590989 -0.738316
3.085523 0.411519
0.564826 0.237424
1.719005 0.151751
0.997069 -0.238911
2.843228 -0.189923
2.253051 0.573591
2.236995 -0.626035
1.964855 0.385085
0.800672 -0.455734
3.060232 -0.936701
1.403604 -0.768497
0.237191 -0.483263
2.895352 0.948075
1.291839 0.124828
3.388122 0.339197
1.153873 -0.972883
3.457767 -0.813268
1.675140 -0.941921
3.765197 -0.919315
3.985766 -0.017520
1.346009 0.891520
1.497652 0.181266
1.909291 -0.315320
0.099607 -0.139197
2.603026 0.380191
2.088475 0.405289
2.612371 -0.716754
2.012592 -0.249190
0.321622 -0.699584
2.168986 -0.714102
3.603581 0.012494
3.407145 0.711936
2.733813 0.523322
1.322586 -0.835755
0.404214 -0.526975
1.577040 -0.666601
3.575638 0.737836
2.641210 -0.153010
3.541895 0.718483
0.376309 -0.717898
1.701442 -0.089711
0.945500 0.949987
0.613500 -0.201161
0.596794 -0.141636
2.237339 0.074815
0.001622 -0.861964
1.750667 -0.114519
1.695106 0.261546
1.676763 -0.803885
1.515864 -0.033834
1.680873 -0.755974
3.022772 -0.912365
3.013517 -0.852568
3.590163 -0.071294
3.122379 -0.051563
1.616543 0.527623
1.678638 -0.666004
1.734750 0.231683
3.629135 -0.721567
2.000260 -0.365588
3.903736 0.517581
3.232717 0.290927
1.407405 -0.653652
2.637549 0.040903
0.555303 0.455172
1.811619 -0.180627
0.214589 0.374302
0.130940 0.193008
0.452829 0.666363
3.756485 0.092785
0.507250 0.475111
2.154272 -0.423348
0.701984 0.042772
1.120750 -0.726050
2.751066 0.435016
2.939323 -0.882414
1.122372 -0.588014
0.501733 -0.679503
0.634429 0.379133
2.799135 -0.391900
2.017597 0.286663
2.315302 0.623159
1.821907 -0.304265
1.031114 0.434095
1.905465 -0.448135
0.944286 0.644173
2.647657 -0.038282
3.584103 -0.114139
2.679036 -0.124144
2.276792 0.240151
1.584363 0.520274
2.582772 -0.606563
1.509509 -0.468922
2.991769 0.866622
1.220321 0.434340
2.064812 0.986250
0.803388 -0.314005
1.434910 -0.191358
2.195752 0.179258
1.256217 -0.647641
1.191394 0.901427
2.703002 -0.345632
3.410489 -0.070989
1.893379 -0.055801
3.823752 -0.071682
2.161555 -0.635973
0.832702 0.061785
0.946124 0.340304
2.663287 -0.315476
1.467131 -0.559083
3.745259 0.948404
0.680884 0.971187
3.782433 -0.935924
1.567166 -0.355861
1.711998 0.405282
1.687898 -0.384058
2.511452 -0.711688
0.359655 -0.633001
1.272002 0.501803
1.190488 0.164168
2.636447 0.607150
2.856365 0.022077
3.773260 0.557606
0.145955 -0.861772
1.848134 -0.111301
0.993580 -0.008054
2.210767 -0.875523
2.651521 0.574695
2.428490 0.800588
0.406519 0.303735
3.907739 0.927053
3.619884 0.702015
3.109521 0.958104
3.318228 -0.143936
1.513263 -0.353787
2.933273 -0.113578
1.479782 0.220091
2.345965 0.707998
3.879397 -0.773275
0.143070 0.904615
3.813096 -0.851084
3.624656 -0.824870
0.823954 0.875802
3.595529 -0.787008
1.191822 -0.180731
2.535952 0.281083
1.283427 -0.171066
3.703274 0.107581
2.895607 0.648083
2.555429 -0.669263
0.893762 -0.728250
1.532054 0.255233
1.411794 0.352814
0.667022 0.829355
1.678009 0.393460
3.259927 -0.758487
1.660602 -0.178699
3.888776 0.517937
1.911449 0.816208
0.089092 -0.378111
0.295295 -0.178328
1.819187 0.743261
3.708975 -0.676096
3.404816 -0.220224
1.137415 -0.400675
1.222238 -0.029883
2.338089 0.666198
2.617198 0.819416
3.568203 -0.321885
2.217485 0.892923
2.760267 0.724031
3.381298 -0.172969
1.842142 -0.931947
3.584222 0.599833
2.976827 0.040023
3.033964 -0.112678
2.120174 -0.119083
0.260254 0.868957
2.737238 0.994903
1.015781 -0.471001
2.815683 -0.800306
3.631000 -0.733347
2.547834 0.784232
0.227476 0.552508
0.298022 -0.903992
0.225843 0.177692
3.487403 0.794021
1.958624 -0.082691
0.114619 -0.304371
1.398852 0.610229
2.047715 0.539198
0.409914 0.517302
3.218039 0.353490
1.756691 0.863102
3.814730 -0.702923
0.355454 0.952815
2.978929 -0.166781
2.152819 0.963275
2.972652 0.772232
2.547131 0.511334
0.370304 0.856198
1.732919 0.496263
1.928430 -0.661635
2.212446 0.924250
1.317141 0.096096
0.905257 0.378388
1.246409 -0.188428
3.437314 0.977013
1.165511 0.247345
3.983648 -0.193525
0.453095 -0.493988
3.981194 0.447039
3.614648 0.073128
3.000929 -0.709756
0.208670 -0.000453
3.912669 0.169136
3.226772 0.467936
3.696073 -0.206432
1.871293 -0.913555
3.341391 -0.836435
1.094924 -0.596203
3.919008 0.625643
3.751306 0.680867
0.312964 0.757287
1.675698 0.488745
3.566036 0.977944
0.668418 0.710102
0.654627 -0.678037
1.718854 0.941219
3.641069 0.482334
3.201758 0.833297
2.089159 0.797417
1.373989 -0.021403
1.130188 -0.828338
0.301604 0.721668
2.691129 -0.925307
2.035445 0.550050
1.548014 -0.466760
2.128443 -0.948294
3.200956 -0.202605
1.531661 0.339715
2.581538 -0.442282
3.182149 -0.755566
1.146309 -0.587158
1.582467 -0.152037
3.390819 0.243981
1.058978 0.581978
0.809240 -0.684101
3.086892 -0.962451
2.930271 0.668423
0.150631 -0.520536
0.181816 -0.558654
2.849279 0.294066
3.901937 -0.839669
0.494780 -0.801367
0.524978 -0.217189
3.467972 -0.861724
1.163198 0.908735
1.179605 0.104774
1.186827 -0.920505
0.804267 0.391069
0.381363 -0.061929
3.275985 0.876912
2.178256 -0.630334
1.511551 0.109733
3.577590 0.598580
0.869385 -0.555641
3.546996 -0.340217
1.125604 -0.868180
2.997828 -0.503934
2.747952 0.457178
2.657265 0.471534
1.579366 0.053784
1.930102 0.701612
3.803574 0.884377
3.161834 0.901747
1.320921 -0.054407
0.862552 0.466355
3.971074 -0.782355
0.407813 -0.016859
3.792824 0.134778
0.121705 -0.302890
0.589629 0.424487
2.642103 -0.571156
0.023641 -0.142559
1.084409 0.623120
3.167081 0.211655
3.491614 -0.004284
2.247606 0.531855
0.346686 -0.683572
0.678440 0.075211
3.051873 -0.077075
0.728049 0.254499
3.954426 -0.047876
1.230129 0.292591
2.239600 -0.635768
3.532016 -0.449296
2.099514 0.736950
1.786597 0.024015
0.657619 -0.317477
1.097342 -0.766984
0.534549 -0.518807
3.314884 -0.845942
2.676708 0.286800
2.464651 -0.817195
3.118458 -0.961565
1.838542 0.188547
3.785571 0.128398
3.981010 0.504790
1.809615 0.406192
0.193384 -0.888460
3.773834 -0.360432
1.931320 -0.896698
0.783013 0.536027
2.415937 0.068412
1.954961 -0.039258
1.867422 0.159147
1.583018 -0.719933
1.446575 0.956459
0.115028 -0.308998
1.929703 -0.403505
2.125015 0.031670
3.166901 0.613926
2.657752 0.850994
2.079441 0.983794
0.397030 -0.093483
0.897353 -0.784774
1.611457 -0.465503
2.496544 -0.356532
2.683949 0.239241
2.269076 0.217021
3.593885 -0.123516
3.218498 0.720435
1.583960 0.371078
2.270593 -0.836717
1.683149 0.903240
0.702418 0.409513
0.109135 0.351830
1.468720 0.031638
0.683429 -0.085697
1.918750 -0.241978
1.662104 0.143178
0.457263 0.553871
3.850070 -0.138676
2.445117 -0.320796
2.873200 -0.377717
1.805032 0.822066
0.312539 0.838351
0.456218 -0.097651
3.251607 0.778525
0.427567 -0.470647
2.385921 0.498845
1.376622 -0.189805
3.594468 -0.856721
1.043674 0.349839
3.456064 -0.206011
3.991498 0.049797
1.941026 0.565065
1.067520 0.328486
2.488042 0.693264
0.624976 -0.195693
3.336597 -0.454493
2.081927 -0.430252
3.843474 -0.475259
0.920557 0.916586
0.352521 -0.266969
1.526623 -0.572018
1.622975 0.326099
0.461656 -0.915139
2.995343 0.459620
2.306404 -0.759598
2.380406 -0.157117
0.657448 -0.397203
2.763667 0.794272
2.230476 0.704207
3.102565 0.282002
1.636867 -0.583445
0.035508 0.526273
3.415104 0.120353
2.093085 0.318905
3.287115 0.304798
3.842671 0.649706
0.479006 -0.182251
0.663737 -0.885006
3.437139 0.792985
1.522680 -0.832412
0.119801 -0.091017
3.428637 -0.157218
3.463706 0.732653
1.187321 -0.762531
1.916679 -0.463954
0.088682 -0.463040
0.523918 -0.217024
3.998607 0.105794
3.932156 0.061701
1.444475 -0.300438
0.351127 0.838825
1.458778 0.489683
3.067450 -0.974339
0.812783 0.923686
0.454122 -0.050697
1.373854 -0.733937
3.193189 -0.233430
1.111569 0.552100
0.137521 -0.939665
1.423666 -0.529223
0.214134 -0.165898
1.774388 -0.523110
1.459174 0.997050
3.629238 0.954455
3.867474 0.795794
0.746289 0.301849
3.471909 0.604161
0.346480 -0.386456
1.410026 0.416842
2.909048 0.397146
1.869160 -0.218868
1.529826 -0.674175
2.337686 -0.760072
1.332866 -0.486215
2.717147 -0.436706
0.254365 -0.224026
1.421548 0.050745
3.241065 0.346270
0.252972 0.881767
1.353704 -0.887554
0.685540 -0.954168
0.604099 0.720592
2.812482 0.602129
3.752990 -0.928507
1.416882 0.644279
3.266604 -0.448568
1.126844 -0.662445
0.610071 -0.589151
0.378174 -0.896468
1.264365 -0.602110
2.033737 -0.118374
0.592308 -0.062366
3.038754 -0.125220
3.492911 -0.121324
0.221546 -0.107911
2.906227 -0.329425
0.239199 -0.819476
3.693455 -0.503750
3.252707 0.284118
1.649225 0.597367
2.602504 0.893396
1.121867 -0.934750
3.179051 0.923191
0.940189 -0.866677
2.454734 -0.420965
1.896199 -0.513515
1.194554 -0.090703
3.876282 0.629780
1.137264 0.832755
1.447526 -0.208935
1.229986 0.742227
1.822804 0.878587
2.051625 -0.488343
0.042468 0.344356
1.575794 0.950080
3.468507 -0.844064
3.309073 0.895788
2.702638 -0.712365
0.078578 -0.433216
3.687246 0.999320
3.967003 -0.314474
2.112315 0.448410
0.279554 -0.063045
3.005756 0.560306
1.605225 -0.672914
0.501100 0.829044
1.911984 -0.769119
1.844425 -0.492390
0.194556 -0.674706
1.164691 0.514999
3.493650 -0.895023
2.797059 -0.781311
2.286558 0.580249
2.672701 -0.971832
3.737248 -0.647987
0.741292 -0.840716
0.568900 -0.485347
0.931803 0.261310
0.617574 0.789064
1.706164 -0.652592
2.379328 -0.947626
1.847560 0.531291
3.528968 -0.774005
0.430953 -0.435969
1.890028 -0.124353
1.104762 -0.823925
3.899460 -0.280033
1.199101 -0.228565
3.807400 -0.536289
3.978038 0.286752
0.886347 -0.229245
3.774402 0.149236
2.090353 -0.264838
1.165901 0.707710
2.780159 -0.290458
3.695579 0.062248
1.667002 0.536754
0.692142 -0.059577
1.540003 0.569858
1.861557 0.862047
1.856833 -0.544578
1.033653 0.674835
0.658617 -0.919263
0.143391 -0.964329
3.706354 0.703003
0.395865 -0.567251
0.884682 -0.805045
0.275254 -0.782344
1.327668 0.694059
1.502256 0.984019
1.981418 -0.434935
3.706996 0.746434
3.349816 0.515310
1.510387 -0.208940
0.137949 -0.689535
1.239844 -0.609044
2.615148 -0.032865
0.037410 0.030432
2.438944 0.162391
2.422548 0.430846
0.015448 -0.682816
3.325291 0.933146
2.196950 -0.419917
2.105801 0.052346
0.491193 0.640856
0.977109 0.289625
1.801380 -0.885407
2.158194 0.177610
1.669251 -0.769952
3.341383 0.684451
0.019752 0.039657
3.526084 -0.314530
0.375036 0.359286
0.678369 0.120393
3.669475 -0.278859
0.081390 0.062289
1.074234 0.553143
0.554157 -0.083904
0.356644 0.279945
2.401902 0.247202
2.056413 -0.099885
2.338062 0.845010
2.108898 -0.006364
1.406229 -0.584575
3.848449 -0.363930
2.246847 0.304101
2.646072 -0.193619
2.463597 0.603205
2.284257 -0.665466
1.085017 0.968772
0.886145 0.034051
2.299705 -0.348282
0.410308 0.901918
3.083095 0.614134
0.405506 0.704064
0.901501 0.542774
0.060204 -0.096241
2.206886 0.818657
3.059695 -0.279616
1.729455 0.133807
1.548269 0.503108
3.079447 0.760041
1.255539 0.819276
1.923304 -0.137606
3.757816 -0.119566
0.925014 -0.459583
2.004694 0.924683
0.832050 -0.566423
1.479171 0.456513
2.361338 0.204629
3.233951 0.680779
3.535584 -0.643372
0.699400 0.049638
1.342849 -0.325585
0.941813 -0.227948
0.547849 0.685708
3.589696 0.978517
3.587885 0.578434
3.011446 0.288914
1.873954 -0.686950
0.672902 0.547206
3.897591 -0.677035
0.173658 -0.035232
1.083210 0.449124
2.980686 0.937099
0.579165 -0.331168
1.984711 -0.008101
3.040890 -0.159142
2.786050 -0.512511
1.044407 0.712283
0.770345 0.974664
0.334319 0.990597
0.123854 0.472323
2.025884 0.793940
2.257623 -0.147008
3.881669 -0.647242
2.950898 -0.665643
0.262317 -0.222325
0.713719 -0.213665
0.430069 0.790870
2.623655 0.982304
3.947670 -0.532886
3.965653 -0.852502
3.323055 0.031942
1.290519 0.141530
0.907465 -0.080450
3.870904 -0.282350
0.880216 0.120047
0.495350 -0.502016
2.882350 -0.993436
2.754169 0.433097
1.168252 -0.954810
2.779940 -0.670471
2.927828 -0.602135
2.251463 0.494314
1.760627 -0.733372
3.506992 0.066697
0.236174 -0.513788
0.801517 0.107485
2.293043 0.554186
1.280581 -0.801505
1.571862 0.082149
2.627361 0.544783
1.404434 0.670818
3.597746 -0.123910
0.884984 -0.602225
1.286104 -0.976424
2.548644 0.210447
1.147302 0.175450
1.999823 -0.190089
2.978713 0.001317
3.770957 0.157754
1.947493 0.277026
2.944366 0.148815
3.094012 -0.810304
3.238012 -0.581444
3.851831 -0.931634
2.964915 -0.092654
0.118228 0.538602
0.347182 -0.433650
1.847265 -0.086090
2.872398 -0.028301
1.515434 -0.388461
0.627205 0.243439
1.800225 0.369564
3.766897 -0.894147
2.387832 0.510066
1.307218 -0.563739
0.003071 -0.407935
3.189348 -0.382448
3.600260 0.990447
1.283651 -0.209440
0.761210 0.699701
2.227622 0.535230
2.688086 -0.538621
0.358957 -0.424210
3.112606 0.933005
3.974190 -0.515045
2.907601 0.786237
0.259908 0.108455
1.974012 0.294866
1.886314 -0.212445
0.030864 -0.733791
3.921505 -0.428108
0.830680 0.936370
3.124876 -0.544096
3.159518 -0.009552
0.682512 -0.995265
2.089791 0.363250
3.277746 -0.470950
1.029694 -0.428915
3.937056 -0.722840
2.150144 0.500749
2.545128 0.182624
0.564261 0.520599
3.950369 -0.129687
2.312025 0.288477
2.952093 0.030665
1.257587 0.306574
2.315096 0.880543
2.141442 0.648217
0.857847 0.297021
3.598747 -0.328897
2.902652 0.347918
3.085468 -0.167749
2.286833 0.132482
3.261609 0.923708
2.198074 -0.234744
2.261022 0.617437
2.169210 0.709946
2.457982 0.873712
1.824606 -0.355182
0.995001 -0.955678
0.279841 -0.530378
2.968390 -0.290507
0.867740 0.172071
1.191649 -0.978177
0.949285 -0.741777
0.877211 0.953381
3.918150 0.269445
2.007385 0.090205
2.019381 0.803395
0.472470 -0.185553
1.008883 -0.363929
0.384630 -0.880197
3.513668 0.485815
2.749509 -0.362171
2.961584 -0.558158
1.574999 0.745845
1.362657 0.504467
2.722670 0.950373
0.871433 0.270733
3.956700 -0.048023
0.064876 -0.243244
3.567269 0.302182
1.621202 0.432484
2.329839 0.988756
3.414686 -0.113412
3.151715 -0.456119
1.564712 -0.656867
2.834577 0.072863
2.899138 0.054291
3.389318 -0.012049
3.829578 0.117185
3.178979 0.523914
2.357708 0.697444
0.697318 -0.710744
0.370628 0.545737
3.306993 0.955667
1.574529 -0.757363
0.288777 -0.184818
1.314378 0.045872
3.593910 -0.953967
0.761248 0.629629
2.323261 0.681943
3.978540 -0.834164
0.274916 0.115444
1.072770 -0.680228
2.940125 -0.392322
1.849915 -0.138711
2.435427 0.824239
1.662794 -0.441949
2.721348 -0.867979
2.392127 -0.223784
1.727670 0.314807
2.288617 0.434203
0.013329 -0.791299
0.057509 0.303562
1.703303 -0.679209
3.165044 -0.247418
1.622222 0.646695
0.537880 0.393654
2.064182 0.806874
1.011540 -0.365354
0.367458 -0.489161
1.243161 0.330787
3.369248 -0.667909
1.064776 -0.199905
1.613788 -0.123476
2.676241 -0.712242
2.639305 0.042733
1.902566 0.691706
3.990619 0.333629
2.233216 0.088766
2.663813 0.321336
2.313880 0.015572
2.211756 0.254602
2.938729 -0.563220
3.386650 0.335345
1.151881 0.862280
0.788644 0.298069
1.822078 0.159584
2.814675 -0.579669
3.509992 0.430090
0.214204 0.935800
0.542345 0.735138
1.798609 -0.135707
0.227533 -0.855499
0.599854 0.038700
3.501912 0.185084
3.392577 -0.102917
2.222076 -0.314605
0.039792 -0.421262
1.456759 -0.296043
3.233616 0.320041
0.407250 0.089577
2.699920 -0.965256
2.602864 0.652132
1.472026 0.889673
0.313708 -0.088732
1.279105 0.939890
0.111331 -0.067595
2.216274 -0.397025
1.269724 0.273519
2.344546 -0.978829
0.880087 0.924310
3.583605 -0.710909
0.556302 0.275772
3.818816 -0.638910
2.970255 0.624436
1.708183 0.138052
0.607459 0.659159
0.792332 -0.215980
0.522858 0.558383
0.117451 0.089249
1.006537 -0.280181
1.065203 0.293521
1.916060 0.953542
1.234070 -0.135680
1.665058 -0.667779
1.417972 0.138626
0.626647 0.761403
3.887133 0.017617
1.457763 0.717364
2.083406 -0.534640
3.120749 -0.662342
1.865013 -0.193059
0.783326 -0.499895
1.723613 0.989790
3.337039 -0.303386
1.097034 0.411373
3.002718 0.929680
3.448370 0.629019
3.313308 -0.985652
0.272442 0.203199
1.792916 0.650190
0.193394 0.938658
3.856046 0.492290
2.349219 -0.074038
0.012210 -0.700252
2.826301 0.116726
0.057402 -0.935986
0.619670 0.958906
3.618633 0.900746
0.580260 0.622397
0.737121 0.048155
0.625170 -0.379435
1.645463 -0.084082
2.653181 0.001697
1.859240 0.484886
3.310521 0.248139
0.071152 -0.859677
2.485887 0.246289
3.197654 -0.734244
1.528916 0.857687
0.569293 0.711649
2.318403 -0.396586
3.393929 -0.335372
1.352619 -0.788246
0.042016 -0.406796
2.730968 0.361242
2.449653 0.623127
3.044733 -0.477116
2.179338 -0.009738
1.762960 0.637475
3.317175 0.726083
3.972254 -0.359548
1.956355 0.576133
3.173221 0.218373
2.321473 0.566414
1.968565 0.875880
1.999522 -0.664900
2.378875 0.630428
2.588235 0.834786
1.618156 -0.764155
2.959135 0.252826
3.325356 -0.117059
2.243326 -0.143589
0.604598 -0.831256
1.978537 0.884638
0.102566 -0.658704
3.915119 0.416883
2.049689 -0.975040
2.588453 0.587585
3.112773 0.682639
3.578604 0.882647
3.157746 0.299235
1.431176 -0.713947
2.972533 -0.452725
0.510365 0.510989
1.473192 -0.120742
1.703501 0.908518
2.960018 0.134116
0.517925 0.402142
3.882839 -0.101221
0.722979 -0.228409
3.835100 0.128225
3.855093 0.539231
2.679334 -0.652277
3.008321 -0.653402
2.176566 0.105645
0.647899 -0.776397
1.007844 -0.318302
0.555441 -0.263927
3.236134 -0.941611
2.626000 -0.082457
3.514576 0.988899
2.561490 -0.058670
0.869326 0.773954
0.119174 -0.842357
0.540027 -0.174032
0.971892 -0.884750
0.034292 0.574526
2.589715 -0.149071
3.560345 0.702836
3.147065 0.257165
2.168320 -0.266424
2.718091 0.002070
0.578241 0.543219
1.140853 0.280851
3.228456 -0.486941
2.051432 -0.577524
2.844354 0.189369
2.188475 0.647174
2.569357 0.824618
2.727192 -0.911852
2.911453 -0.581235
2.404457 -0.047157
2.582285 0.627379
1.590787 -0.233512
1.412779 0.299441
0.758851 -0.266976
2.238686 -0.009909
2.420622 0.981139
1.314292 0.469097
1.474820 0.048480
1.046622 -0.101318
0.828868 0.457996
0.036310 0.989811
1.915948 -0.327364
0.948042 0.615639
0.576337 -0.184221
2.887839 -0.212113
0.982334 0.190165
3.166052 0.666708
2.448184 -0.509278
0.129399 -0.552670
1.334372 -0.599717
1.166275 0.492793
0.707639 0.990549
2.475224 0.681135
0.394731 -0.994149
2.759072 -0.586974
1.319578 -0.129497
2.583205 0.653026
1.328429 -0.762356
0.046770 -0.041348
1.494659 -0.928209
3.732886 0.190487
2.629056 -0.413969
3.085446 -0.161721
1.145664 -0.510072
3.387907 0.319055
1.324132 0.828370
3.566287 -0.528933
0.702200 -0.211848
2.798952 -0.123150
0.612909 0.369750
1.531068 -0.753852
2.835263 -0.133339
2.528857 -0.957614
2.479109 0.861787
3.411600 0.682440
1.416696 -0.169727
3.461443 0.051953
2.577652 0.349148
3.864880 0.320996
3.590842 0.499283
3.912024 0.749431
1.031154 -0.186212
0.298481 0.489832
2.387248 0.430566
1.425885 -0.180361
3.057553 0.902858
3.706826 -0.698931
0.009091 -0.527335
0.385981 -0.859498
3.753597 0.259721
1.503749 -0.455544
0.118867 0.330989
2.382652 0.845752
0.589195 0.382735
1.264531 0.820917
1.770560 0.164807
1.913327 0.211105
0.830818 -0.708016
2.472759 0.952959
0.712280 -0.912045
1.443727 0.661734
0.003827 -0.800893
3.547543 -0.045383
3.972583 0.704120
2.482936 -0.939105
2.959143 -0.362943
1.389279 -0.465606
1.944379 0.112847
1.536795 0.986205
1.254159 0.855389
1.535221 -0.387869
1.448818 0.735636
2.285313 -0.330823
1.833702 -0.898037
3.836067 0.166202
3.711199 0.488817
0.891255 -0.995179
3.542893 0.467272
3.720289 0.961482
1.277236 -0.854677
3.296490 -0.273007
1.224039 -0.494062
1.396103 0.476311
1.679142 -0.427255
1.813234 0.888673
2.660634 0.297228
3.449701 0.737552
3.726561 0.099778
3.491452 0.589213
1.922461 0.690511
0.438841 0.187733
0.935179 0.250947
1.926287 0.889618
3.986384 -0.857650
0.907762 -0.044933
0.409224 0.950513
2.945526 -0.220593
2.297042 0.489461
2.353603 0.063360
0.482321 -0.234388
3.551200 0.344850
3.888824 0.675491
1.931139 -0.498752
1.836514 -0.985973
1.722526 0.777454
1.767206 0.667450
1.547712 0.502844
2.613781 0.782274
1.310099 0.134722
1.268002 0.464326
3.891017 0.927597
0.606589 0.861715
2.492040 0.970264
1.287120 0.403908
2.285731 -0.565540
0.305274 0.858937
3.947754 -0.298863
1.735432 -0.827988
0.031836 -0.041285
3.439207 -0.709651
3.657893 0.862522
0.470677 -0.853552
0.374385 0.541296
1.584180 0.752140
0.457061 -0.711202
1.282148 -0.503637
1.993404 0.702653
3.402587 0.068204
3.579189 0.985824
0.347007 -0.233986
3.884908 0.833816
3.130390 0.330674
0.235831 -0.558496
1.816048 -0.664936
0.966904 0.344702
1.958357 -0.781042
3.583254 -0.997486
2.514616 -0.152454
0.572138 -0.998767
0.893353 0.137237
3.782618 -0.688128
0.463155 0.928830
1.499941 -0.001048
2.274658 -0.717864
1.750275 0.332738
3.785672 0.433412
2.579933 -0.858926
1.698029 -0.966126
1.521104 0.605424
2.611768 0.099789
1.137236 -0.675776
1.178997 0.467946
3.082445 0.246237
1.511621 0.865520
2.763177 0.220087
3.539506 0.535034
2.793769 -0.638117
0.756580 -0.077260
2.942094 -0.396761
2.372959 -0.652293
1.103587 0.688753
2.827002 -0.562945
1.503348 0.678381
1.339418 -0.869742
0.643049 -0.227881
2.470252 0.023083
3.297775 -0.650784
0.226303 -0.225367
0.984868 0.870629
3.869913 -0.649552
1.119656 0.911870
0.767485 -0.817499
0.333068 -0.720722
2.619598 -0.089178
3.042143 -0.535363
2.083343 0.612016
2.405270 -0.655766
1.622076 -0.394289
3.781372 0.645890
3.926374 0.949658
0.233844 0.705499
0.918608 0.970114
1.105370 0.417604
3.316290 -0.048264
2.430229 0.835634
3.868547 -0.362310
2.855796 -0.513230
1.223998 -0.802483
0.625127 0.560430
1.797890 0.090009
3.596957 -0.454776
1.728714 0.249183
0.624891 0.527064
1.100305 -0.776395
3.068132 0.379441
1.267941 -0.700817
3.570557 0.246688
2.365907 0.728657
1.494244 0.073816
0.555425 0.117317
2.235819 -0.920895
2.613900 -0.014314
1.322910 0.299817
2.568887 -0.641617
1.233498 0.896507
0.365054 0.764454
0.652229 0.970399
3.638768 -0.759259
1.987130 -0.629835
0.433601 0.616290
3.565141 -0.809601
2.220974 -0.924336
1.352209 0.586404
0.670511 0.608002
1.537264 0.027400
3.782438 0.422037
0.539058 -0.754307
0.393060 0.514171
1.006436 0.619554
1.164185 0.806123
2.190949 -0.395820
0.603393 -0.835222
2.892900 0.055306
2.815841 -0.868756
1.703698 -0.611617
1.961031 -0.565253
0.083782 -0.569574
1.274255 0.635071
0.326938 -0.836597
1.578026 0.504242
1.829680 -0.247613
2.562757 -0.757491
0.191926 -0.510073
3.152590 -0.947795
1.131644 -0.399108
1.425424 -0.613565
3.517644 0.816659
1.783873 -0.428709
1.064192 -0.372824
1.504774 -0.813176
2.217475 -0.812420
0.629333 -0.182426
3.725747 -0.737512
3.569684 0.773984
1.299844 -0.574423
1.263011 0.289888
3.352122 0.196021
1.838902 -0.328730
1.656071 -0.195941
0.358558 -0.184424
3.003088 -0.522608
3.847020 0.408238
0.961951 -0.019647
1.895987 0.532698
2.662861 0.539482
2.665650 0.368736
3.857019 0.967445
2.746643 0.969908
3.939905 0.003807
0.183957 -0.869151
0.324668 0.474150
1.769585 0.756195
2.746714 -0.626643
0.516595 0.964077
0.922176 0.808399
3.878358 -0.025751
1.942019 -0.649488
0.439820 0.625058
1.662231 0.545540
3.006211 -0.022313
1.944593 0.811882
3.879706 0.733120
3.635543 0.795262
1.670341 -0.925630
3.449389 0.507104
0.935388 -0.779161
2.933352 0.364258
2.801511 -0.296875
2.774290 -0.107892
0.589422 -0.831683
3.160069 0.518701
1.777377 0.369501
0.436442 0.576555
0.122020 -0.500946
3.673364 -0.097801
3.099303 0.116037
2.787670 0.867791
3.530383 -0.130356
1.845946 0.085945
2.727575 -0.128402
3.714340 0.000493
2.170614 -0.439906
0.497161 -0.372207
2.461053 0.373850
2.687209 -0.475829
1.419337 -0.563808
2.339411 -0.651901
0.629228 -0.125317
1.859156 -0.938749
0.001642 0.893639
3.635438 0.852370
3.803750 0.873133
3.881348 0.626759
3.270982 0.647632
1.474090 0.947503
3.330737 0.133863
0.206370 0.868470
0.407442 0.311761
2.132248 0.836989
2.980659 -0.239422
0.996865 0.480078
1.292317 0.355690
0.758037 -0.869921
1.433307 0.056633
1.414337 0.854744
0.431401 0.032278
0.532610 -0.827331
0.202008 0.722535
3.961784 0.901922
2.378556 0.258614
2.929583 -0.405867
3.676124 -0.097585
0.549170 0.818708
3.426744 0.221926
2.137177 -0.723734
3.236379 -0.657121
0.846080 0.658118
0.476589 -0.375635
3.865607 0.217562
2.705237 0.719369
0.478231 -0.481996
3.501045 0.069932
2.508987 0.592502
0.359579 -0.855237
2.772027 -0.282437
3.983077 0.540005
3.690316 0.278626
2.978397 -0.413967
0.390519 -0.148234
1.822564 0.115615
1.959056 0.346612
1.387384 -0.668156
3.114881 -0.528696
2.717093 0.476691
2.820691 0.388476
0.529219 -0.673952
3.148494 -0.491031
3.353301 0.561146
0.731226 -0.951417
3.110278 -0.589109
1.731857 -0.180240
3.660809 -0.357284
2.786402 0.313306
2.281027 -0.361532
3.087553 0.864642
0.923579 0.589572
1.517406 -0.018653
3.933633 0.522761
1.400168 -0.786063
1.383013 -0.801091
2.638870 0.242130
1.878399 -0.268059
0.884058 0.268841
1.147857 -0.165368
2.237978 -0.123296
3.656085 0.986404
1.130934 -0.625363
1.928294 -0.844670
2.634482 -0.427562
1.521453 0.226403
3.750858 0.270945
0.593538 0.919049
2.908837 0.558247
2.865739 0.742249
3.310631 0.395740
1.729528 -0.053276
3.394958 -0.931702
2.459124 0.904709
1.082829 -0.492131
0.126184 -0.883119
1.569403 -0.684400
2.814686 0.327629
3.786993 -0.240403
0.355805 0.628906
1.095713 0.966097
2.874546 -0.375760
1.279384 0.218478
2.613119 -0.052556
2.808179 -0.853000
2.679552 0.432415
3.996132 0.146353
1.447049 0.389131
0.557950 -0.835644
0.880190 -0.584807
2.594906 -0.776237
2.795928 0.041060
0.536275 -0.598402
3.725840 -0.401600
0.724222 0.196391
3.170756 -0.025965
1.247293 0.824803
0.475080 -0.532664
3.764294 -0.106915
0.156130 0.383050
3.340820 -0.790415
3.074925 -0.711175
1.885658 -0.670226
2.735777 -0.722117
1.534049 -0.806466
2.968487 -0.162357
2.861961 -0.605237
3.103452 -0.490867
1.783172 -0.834728
2.648954 0.154361
3.459256 -0.861961
2.878885 -0.868631
1.523500 0.778600
0.738640 0.356518
1.492004 0.078813
0.331679 0.925601
3.418192 -0.211067
1.488136 -0.774835
1.778729 0.314731
3.976142 -0.046711
2.368326 -0.359641
0.373635 0.538494
2.772070 0.994349
2.904600 0.041956
0.099474 -0.863106
3.496292 0.190740
2.075357 -0.984009
1.346767 0.961697
3.971372 0.658076
1.839651 -0.090924
1.502897 0.344748
3.312192 0.867661
0.914576 0.197901
3.388555 0.674522
2.047969 -0.854457
2.448625 0.391434
2.357041 -0.487835
0.909931 -0.459693
1.552077 0.900568
0.140214 -0.322562
3.558885 0.694667
1.011333 -0.961393
3.019099 -0.191193
1.082385 0.473268
1.749973 0.395124
0.511103 0.887620
1.414065 0.398868
1.168164 -0.815943
1.999239 -0.887215
3.192793 -0.286400
1.144306 0.137346
0.367565 -0.246856
3.566428 -0.747906
3.916376 0.131696
3.272165 0.795100
3.665902 -0.611013
3.412668 -0.677564
1.347522 0.811091
1.012670 -0.649315
3.384040 0.980512
3.187173 -0.279833
2.515567 0.695432
2.696232 0.848172
0.101748 0.918068
1.904121 0.369954
0.744201 0.993716
2.550373 0.309502
0.261163 0.882119
1.654132 -0.465978
0.102450 0.210070
0.401376 -0.440443
1.213017 -0.771311
1.113783 0.248677
3.420475 0.368363
2.295402 0.701957
2.863756 -0.356199
3.931578 0.255983
3.709467 0.100825
0.031920 -0.172142
1.930817 0.368768
2.902260 0.814425
1.176227 0.965205
2.298382 -0.878088
2.468688 -0.933482
1.092603 0.096900
1.570547 0.917012
2.134590 -0.544494
0.505271 0.419336
2.918068 0.728103
3.147260 -0.193810
3.889312 0.399848
2.105241 -0.551730
1.662826 -0.498377
2.585544 0.248020
2.206989 -0.633662
3.566948 0.871576
3.329745 0.241736
0.757363 0.675840
3.828110 0.753695
0.983877 0.775758
0.859813 -0.114090
0.229487 -0.686748
2.196894 -0.995553
1.973596 -0.865413
3.649962 0.681615
0.492296 0.706404
0.837352 -0.221612
3.581540 -0.062402
0.201763 -0.192771
0.869272 0.606247
1.512358 -0.693634
3.104022 -0.378346
2.045499 0.571451
3.810740 -0.571722
1.572710 -0.311828
3.138102 -0.331648
1.381287 -0.654710
3.707300 0.143678
3.643373 -0.912312
0.299355 -0.926608
2.854560 0.949868
3.532685 0.487536
2.404596 -0.478338
0.517386 -0.548509
2.118228 -0.264444
0.611585 -0.111999
0.084334 -0.676933
1.447974 0.977292
1.368948 -0.436159
3.912444 -0.923237
2.431851 0.753049
2.228761 0.449751
0.141931 -0.609985
0.628745 0.757497
0.202356 0.584338
3.791893 -0.928370
1.121041 0.463901
1.039708 -0.637274
3.373433 0.009229
1.322803 -0.728870
1.908980 0.968973
0.885791 0.315595
0.426826 -0.107216
3.954479 0.540424
0.696531 0.743873
1.999536 0.580956
3.092581 -0.791225
2.077817 -0.910837
1.706836 -0.275366
2.735954 -0.703537
2.377172 -0.837445
0.561396 -0.325497
2.268639 0.783999
0.781768 -0.315782
1.078782 0.125994
0.386867 -0.480445
1.393354 0.572218
1.163116 0.449061
1.834840 -0.503154
2.762302 -0.863941
1.075561 0.525824
0.266691 -0.750104
0.991063 0.585810
1.217492 0.915839
0.895436 -0.992607
1.193419 0.170148
1.009385 0.987469
2.016477 0.471293
2.233127 0.532874
0.382818 -0.003302
3.339280 0.742423
0.142107 0.501847
1.268609 -0.687707
3.766106 -0.364793
0.096586 0.042271
1.965139 -0.943833
1.765642 -0.783837
3.189167 0.251046
0.042957 -0.854671
3.472479 -0.059202
1.925121 0.547509
2.420129 -0.692115
0.033875 0.615301
0.193760 0.331508
3.201897 -0.007898
1.112657 -0.258705
0.580626 0.851063
0.595251 -0.435679
2.275773 -0.809644
2.415467 -0.652090
3.357553 -0.299620
3.351334 0.716180
2.682158 -0.402194
0.348616 -0.713810
0.568826 0.632019
3.577594 -0.394802
1.542035 0.456338
1.578210 0.619488
1.594071 -0.923509
3.775162 -0.010788
1.961028 -0.383813
0.933351 0.818915
3.917269 -0.508941
3.229637 -0.071520
0.699457 -0.545878
0.013855 0.533330
1.194776 -0.015354
2.465099 -0.329715
3.203022 -0.215624
1.237733 0.129976
1.937578 0.611083
1.128143 -0.668114
3.657862 0.437861
1.971453 0.226384
1.321903 0.663394
2.859759 -0.570037
3.084110 0.967678
1.902529 0.514457
3.455010 -0.005716
1.359883 -0.841966
0.317996 0.862367
2.812563 0.694664
0.711217 0.874214
3.000154 -0.539828
3.161179 0.980854
1.280042 0.506233
2.577748 0.065371
0.703213 0.437192
2.858253 0.125722
0.171819 0.141862
0.478375 -0.573595
0.819281 0.741908
1.105170 -0.039223
0.395644 -0.082536
0.048917 -0.329612
1.804627 0.414898
0.409499 -0.549206
1.243694 0.655035
0.269726 -0.914817
3.612521 0.235170
2.481427 -0.214989
2.207304 0.696266
0.740665 0.567056
2.139288 -0.777128
0.178756 -0.077350
2.062568 0.230450
0.999048 -0.347165
3.262866 -0.109672
3.965097 -0.255093
0.454058 0.647119
0.622749 0.048362
0.283093 -0.392726
3.266621 0.341782
1.333966 -0.077423
3.283248 0.067447
2.427799 0.322636
2.614008 -0.571190
1.860996 -0.867183
3.131013 -0.240172
1.472260 0.554532
2.032815 0.274679
3.609387 0.186233
2.291541 0.296440
3.137985 -0.764544
0.005031 -0.896303
2.340458 0.966829
0.942612 0.650354
0.414530 -0.445509
3.584152 0.621864
1.212337 0.735537
0.027052 0.789661
2.065579 -0.593126
3.419641 0.431804
0.767717 0.356717
0.204867 -0.370254
3.598398 -0.645547
2.830284 -0.412832
1.203915 0.282581
2.861264 0.244781
2.795381 0.332075
1.657972 -0.070301
3.484012 -0.706856
3.078474 0.939349
0.924593 -0.728518
0.817978 0.215720
2.361722 0.006796
3.352393 0.594118
3.431986 0.644530
0.222718 0.139613
2.483405 -0.646054
0.904247 0.199062
2.255533 -0.585708
2.092793 0.540179
3.195788 -0.504498
1.393518 -0.350252
2.097824 0.643875
1.536246 -0.537669
2.336129 -0.699898
2.512354 -0.801634
1.120398 -0.915805
3.548467 -0.964360
2.539406 0.988027
3.185977 -0.508931
2.968108 0.467443
3.307123 0.344744
3.390844 0.120815
2.566506 0.821897
2.137407 0.931912
0.594759 -0.596605
1.427769 0.066678
0.932788 0.263987
2.252731 0.333094
0.911782 0.359822
0.011262 0.203336
3.177324 0.604576
1.729760 -0.424458
2.372984 -0.789868
2.529717 0.198694
1.161746 -0.779928
2.595702 0.349745
1.013122 0.552640
2.065992 0.419134
0.851236 0.764038
3.105915 0.092818
1.261780 0.914637
2.244754 -0.586214
1.203738 -0.263306
2.798026 -0.623032
0.580883 -0.286112
3.716093 -0.064941
3.918424 -0.538838
0.129350 -0.250473
2.255499 -0.076913
3.104401 -0.047769
3.097458 -0.783029
1.562621 -0.732169
2.495245 -0.926954
1.663964 -0.961133
3.700028 -0.800257
3.090004 -0.523559
3.091734 0.105546
0.632816 0.463730
1.342735 0.809535
0.003515 -0.534633
0.644078 -0.332934
0.520059 0.414111
1.733275 0.040909
3.017062 -0.122802
3.049776 -0.387195
2.895021 0.260982
1.612765 -0.773057
0.062898 -0.834555
0.961014 -0.319884
2.464000 0.990980
3.168813 0.258263
2.222794 -0.405248
0.708754 -0.595234
0.372551 0.994957
1.020820 -0.028280
2.237308 -0.890005
1.860032 0.971359
2.865764 -0.005607
3.736363 -0.065211
3.706205 0.728894
0.770226 -0.528122
0.170304 0.179879
0.241867 -0.230734
0.916318 0.337303
0.248039 -0.832446
0.641353 0.846372
1.869200 0.073145
2.459130 -0.951799
3.568812 -0.665444
1.488271 0.482183
3.389865 -0.334989
0.902943 0.952538
0.316494 -0.688376
1.471684 0.229602
2.657339 0.222713
1.542104 0.497211
3.993647 -0.721286
3.111224 0.704079
1.872994 0.957021
1.353878 0.561908
3.093185 0.706874
0.389520 -0.506401
2.543383 -0.320754
3.902717 0.965153
0.379433 0.376592
0.486822 0.897480
2.140025 -0.924852
2.239466 0.347951
3.352586 -0.108128
1.876388 0.009937
1.945671 0.076845
0.122812 0.363751
2.046692 -0.810184
2.187538 0.846111
1.039130 -0.298946
2.294731 -0.642631
2.828891 0.692483
2.908330 0.774198
0.753861 -0.594429
2.397703 -0.972962
0.396600 0.256381
0.143726 0.070582
3.300646 0.979576
0.713094 0.568005
1.615409 -0.699816
1.957985 0.202288
2.255198 0.065216
1.609056 -0.421103
1.069209 -0.093633
0.128192 0.022237
2.962934 -0.859195
0.162395 -0.386759
0.517712 0.515837
1.506317 -0.179949
0.065112 -0.421606
0.897146 -0.107571
1.993139 -0.282469
2.205137 -0.346458
3.136611 -0.759620
1.345725 0.609404
0.081525 0.663478
1.082282 0.317225
1.468538 -0.026846
2.128217 0.853294
3.269821 0.163336
2.507668 0.674208
0.422948 -0.789337
2.098712 -0.144182
1.415997 0.448406
1.176809 -0.383766
0.496414 -0.117144
1.812598 -0.295213
1.320535 0.686816
3.797061 -0.137568
2.525692 -0.727208
2.935944 0.987000
1.755045 -0.935280
0.780890 0.338009
0.545000 -0.434102
2.824254 -0.028912
0.909082 -0.639754
3.507934 -0.293297
2.986649 0.584329
1.426794 0.876083
1.014251 0.526754
3.051761 -0.837277
2.323939 -0.231488
3.007390 -0.755715
1.256898 -0.183736
1.460551 0.008892
0.353115 0.853689
1.338423 -0.520258
2.542833 -0.673883
1.821652 -0.173157
3.466641 -0.666964
1.812654 0.489453
0.329320 -0.498949
3.889589 -0.456300
3.911366 -0.654729
1.745317 0.949457
1.066398 0.159934
0.407780 0.228127
3.557915 -0.345756
2.386933 -0.153250
0.204841 -0.909441
2.083607 -0.072964
1.322877 -0.166250
1.959886 -0.844720
2.864497 -0.734955
1.867877 0.399647
0.784140 0.126368
3.773578 -0.374709
1.375812 -0.893650
3.770789 -0.289303
1.200372 -0.498626
2.390062 0.633104
2.822550 -0.126581
3.524311 0.269886
1.397452 0.877389
0.079448 0.689683
0.984862 -0.721222
1.750567 0.731078
1.417871 -0.830574
3.527695 -0.395104
3.572219 -0.442079
0.884512 -0.497538
1.340349 -0.905652
3.901539 0.058972
0.774101 0.046162
1.251715 -0.560381
1.646857 0.008429
1.840499 -0.793905
1.659495 0.667746
1.204772 0.662672
0.227432 0.052845
1.864335 0.758305
3.288379 -0.410291
1.550310 0.886595
3.824221 0.913585
2.152875 -0.145246
3.418187 0.286243
0.608361 0.039953
1.926454 0.480045
0.793999 0.392593
0.379150 0.750649
3.126826 0.981418
3.184061 0.025696
3.201700 -0.375932
2.651137 0.251304
0.581513 -0.096914
3.281149 -0.686248
3.635999 0.530083
2.332079 -0.365836
0.699020 -0.516823
3.163695 -0.865022
1.904298 0.192085
1.583532 -0.014361
0.504044 -0.770673
1.805838 -0.748944
2.357633 -0.968199
1.755758 -0.331054
3.452694 0.259485
0.198132 -0.762103
3.415253 -0.663308
0.657466 -0.077843
0.425564 0.290742
1.279588 -0.905002
3.945845 0.511866
1.975874 0.177337
1.103809 -0.991417
2.098720 -0.633380
1.394061 -0.536420
1.712171 0.048536
0.025174 0.846664
2.188060 0.856172
2.091321 -0.200815
3.151999 0.828083
1.372121 -0.118131
1.293022 0.423253
1.803137 0.079387
1.953633 0.784954
0.574170 0.737005
1.439136 -0.390530
0.285713 -0.580882
1.273190 -0.779817
0.602831 -0.255552
2.190011 0.611203
2.856722 0.205822
1.106874 -0.026225
3.995848 0.862259
1.214355 0.237623
2.862633 0.642721
3.448543 0.121744
1.412488 0.475520
2.277886 0.979413
0.106009 -0.956099
1.838052 -0.233738
3.557475 -0.925590
0.051853 0.555768
3.813926 0.943599
0.661284 -0.917007
2.150573 0.922387
1.207987 -0.592822
2.373455 0.131529
2.175747 0.769051
3.396047 -0.736650
0.464776 0.930714
1.327746 0.597134
0.768168 0.145219
1.757797 0.353967
3.130883 -0.323479
2.721801 -0.069827
2.331967 0.090972
0.570019 0.285991
3.007514 0.349291
3.605158 0.311155
1.172849 -0.969561
1.197524 -0.039506
2.461880 -0.483023
2.279724 0.004214
1.193373 -0.177247
3.676235 0.754600
1.142357 -0.353065
0.641916 0.944497
1.088723 0.230119
3.420243 -0.373652
0.747924 0.988399
2.926775 0.996381
2.977717 -0.299242
0.799778 0.544166
2.740701 0.939980
3.639001 -0.216248
2.950351 0.466553
3.948688 -0.652842
2.012456 0.915280
1.126098 0.235605
3.344735 -0.389491
2.477232 0.845994
2.453844 -0.167261
0.112903 0.755728
0.235029 0.199961
1.584726 0.509260
2.834704 -0.314099
2.566996 -0.709067
2.154745 -0.204749
1.842217 -0.964807
2.172154 0.602088
3.327594 -0.174310
3.039742 -0.004313
0.634034 -0.880935
1.607318 0.829905
0.233115 0.818440
0.310269 0.873664
2.749675 -0.523161
0.875030 0.762937
1.398992 0.103784
2.169917 0.103187
1.622954 0.751335
0.325767 0.100165
1.147635 0.803946
2.422732 0.295501
3.066467 0.040145
0.786636 -0.412303
1.373083 -0.237945
3.015155 0.387303
2.799092 -0.497022
2.499180 0.997659
2.359890 0.997812
1.276323 -0.651028
0.953024 -0.169602
2.472793 0.753540
1.511352 0.548933
2.537750 -0.660342
1.307496 -0.560559
0.078349 0.839866
0.692495 0.134909
3.149714 -0.525367
2.250503 0.441954
0.020090 0.960599
2.189455 0.470320
2.884536 0.561018
1.627408 0.790504
2.422570 0.288759
3.194805 0.434683
0.377083 -0.732657
3.297600 0.051696
0.593797 -0.461534
2.547000 0.370531
0.920554 -0.196969
0.919564 0.638631
3.694635 0.174476
3.343286 -0.901468
3.986031 -0.321224
0.481270 0.762173
0.716369 -0.139413
3.001186 -0.933921
3.280362 -0.734849
3.215549 -0.141754
1.361077 -0.936109
0.556685 -0.385877
0.168573 0.688644
3.833869 0.817430
2.068038 -0.836944
2.706323 -0.971698
1.141366 -0.743129
2.146386 -0.997078
3.398819 0.163211
0.291079 -0.268496
0.396889 0.444876
3.418909 0.123810
2.480535 -0.798176
3.281425 0.005894
1.046316 -0.085686
0.903105 0.490584
2.476230 -0.559423
1.423399 0.181657
0.200705 -0.457720
3.070028 -0.020957
3.970399 -0.447812
1.121259 0.345311
3.989592 -0.382326
3.665034 0.726664
0.464545 0.443843
3.975623 0.296450
0.146304 0.488837
1.180914 -0.695570
2.976809 0.362529
3.426666 0.753988
0.396463 0.162676
0.337886 0.426419
3.983352 -0.631889
0.565036 -0.148680
0.171755 0.243850
2.051389 -0.468834
3.271359 -0.120378
1.313121 0.500720
0.197776 -0.465912
2.670178 -0.957167
1.604200 -0.767775
0.594664 0.978964
2.089086 0.166643
0.084735 -0.565951
3.876089 -0.015142
3.135402 -0.919043
0.987840 0.924633
2.352320 0.425434
0.558802 0.262614
1.188545 -0.533087
1.422348 -0.595523
0.529201 0.814801
2.309804 0.812224
1.411939 0.022152
0.194234 0.541465
2.774349 0.256067
1.387562 -0.681398
0.340539 0.030302
3.955262 0.560497
0.364371 0.681131
3.767205 -0.215710
0.351725 -0.276827
0.702257 0.107550
3.750557 0.152401
0.916760 0.574493
0.874012 -0.648600
1.801946 0.683568
0.188119 -0.545885
2.187133 0.852120
1.999722 -0.782344
2.858297 -0.503052
3.791333 -0.915655
2.594386 -0.803381
0.947383 0.663591
3.876068 -0.481606
2.470475 0.181477
0.082785 0.744547
0.863908 -0.556973
0.822795 -0.393089
0.641587 0.007161
2.052453 -0.090060
2.245142 0.011389
1.170788 -0.178038
0.362256 -0.277836
3.657082 -0.966459
1.365022 -0.636573
3.136605 0.978231
1.044644 -0.647857
1.705561 0.393729
3.091867 0.538728
1.409015 -0.966727
1.472766 -0.821981
3.443592 -0.738099
2.111272 0.140824
1.223323 0.330421
0.360353 0.836394
2.985285 0.492223
3.025269 0.013988
0.548472 -0.709491
1.172418 0.344344
1.024990 0.231644
3.406769 -0.212543
0.963751 0.428689
3.619376 0.428264
0.354152 -0.548952
0.839820 0.947083
2.089851 -0.390259
0.436937 -0.804405
1.703728 -0.609889
2.912646 0.216652
1.078524 0.202756
3.756181 0.300051
1.157788 -0.771959
2.249312 -0.975282
0.118437 -0.977785
0.814870 -0.738418
3.614334 -0.611855
3.255042 -0.999554
1.859513 -0.386276
1.319895 0.781875
2.346909 0.539175
3.268528 -0.353002
2.792661 0.959894
1.790502 0.801076
1.379801 0.787821
0.015984 0.290315
2.150854 0.637470
0.365085 0.280045
3.041253 -0.695697
2.699326 0.927979
1.537503 -0.375611
0.066243 0.535947
2.106095 -0.284564
2.501254 -0.946923
3.685619 -0.035789
2.460247 0.166484
3.341074 -0.999839
1.775470 0.573952
2.897184 0.362079
1.044801 -0.609729
0.688116 -0.209396
3.975709 -0.435165
0.800982 0.690323
1.845904 0.018645
2.225021 -0.410447
0.919419 0.712538
2.660773 0.280226
1.839355 -0.022302
0.174462 0.712984
0.520286 0.893951
3.159250 -0.240427
2.521371 0.252159
3.788815 -0.459052
1.951911 -0.280533
0.311873 0.053235
1.168615 -0.671230
1.967895 -0.990219
2.462727 -0.309295
1.533700 0.608814
1.009147 -0.685915
1.162054 -0.381316
3.071203 -0.766797
1.075390 0.850032
3.268149 0.334120
1.572457 -0.713720
0.761009 -0.185757
1.728396 -0.499396
0.913531 -0.713559
2.536479 -0.611805
0.625580 0.862683
1.958332 -0.323287
3.224594 0.178799
0.601289 -0.572483
2.759315 -0.632965
1.070498 -0.802557
2.826310 0.017070
3.678734 -0.920427
3.731271 0.477670
0.665665 0.994768
3.853195 0.792557
0.251558 0.371621
3.824915 -0.245659
2.374566 0.044716
0.040372 0.912569
1.776826 0.473807
2.686439 -0.902050
1.208988 -0.758662
3.744721 0.483589
1.149166 -0.211345
2.742688 0.850153
0.753868 0.797673
2.311220 0.407339
1.813892 -0.916644
1.829258 0.647705
1.579369 -0.258540
3.386349 -0.630364
2.590267 -0.538052
3.307765 0.242064
0.299880 -0.343923
1.126746 -0.149857
3.933345 0.104746
2.258212 0.332789
0.351340 -0.971058
0.534634 0.532263
1.017527 0.699824
1.421839 -0.773615
3.360944 -0.450667
0.696261 0.779397
1.153110 0.704055
0.026609 -0.455899
0.549456 0.571954
1.404668 0.075676
3.851524 0.298442
2.924023 -0.383330
1.445040 -0.011755
1.628350 -0.227750
1.610462 -0.285380
2.654028 0.229583
1.373070 -0.744161
2.759628 0.503275
1.396716 0.079736
2.126939 -0.946488
1.070848 -0.089385
3.210607 0.163092
3.956197 0.701217
2.650217 0.652074
2.596956 0.532728
2.546464 -0.836834
1.957981 -0.105862
2.896836 -0.811195
3.673210 0.013309
1.891326 0.998884
1.155049 0.521594
0.024551 0.042251
2.425961 0.531147
2.172576 0.221418
1.446389 0.268636
1.786905 -0.919519
2.868836 0.000816
2.599499 -0.027309
1.813514 -0.375418
3.418293 -0.427230
0.004167 -0.951633
1.665037 0.923024
2.342315 0.189439
1.449207 0.036612
3.293387 -0.304726
3.952777 0.904059
0.103234 -0.733804
0.666457 -0.048888
2.712405 0.407335
1.499950 0.345932
2.793396 0.004624
3.783254 -0.682051
0.710558 -0.490977
2.749593 -0.294158
2.433470 0.970023
3.307514 -0.958249
1.296057 -0.130992
0.391452 -0.135839
2.204350 -0.769444
0.969267 0.882317
2.282778 -0.136955
3.359399 0.752150
0.993818 -0.075433
0.708739 -0.605808
1.531974 -0.026432
2.440208 -0.806796
2.495644 -0.525327
0.400811 0.974384
1.039707 0.165895
0.309157 0.099255
3.819103 -0.452846
1.043874 0.214262
1.974194 0.022279
2.161418 0.736593
2.493080 -0.749125
1.267581 0.717553
2.114196 0.640652
2.596315 -0.482930
1.934038 -0.331335
0.826601 0.047987
0.096265 0.863002
0.727434 0.673290
0.609855 0.365937
0.806822 -0.627975
3.477027 -0.620868
3.043325 0.335960
0.114336 -0.586224
0.773083 0.248139
3.434777 -0.799879
2.318686 -0.355668
1.742351 0.130456
1.717555 0.063166
1.678085 -0.603518
2.736169 -0.944977
2.426293 0.457358
3.210059 0.370050
1.176376 -0.751773
0.921937 0.932031
3.610870 0.344434
2.216083 0.414122
1.231094 0.031286
3.429973 0.891587
3.259957 -0.371616
3.205288 -0.946435
1.591392 0.628180
1.753037 -0.120741
0.472870 0.771118
3.705587 0.268833
0.349352 0.396329
2.406908 -0.560216
0.532189 -0.683180
0.445616 0.259331
3.134342 -0.886926
1.142043 0.682757
1.252439 0.631356
2.611369 -0.507795
0.185368 0.018717
1.366775 -0.954867
3.384452 0.740344
3.620145 0.218838
3.685462 -0.310535
1.126803 -0.129200
1.337699 -0.717996
1.363547 0.085946
3.862972 -0.074177
3.763993 0.739363
0.573606 -0.544004
1.039348 0.174050
0.685930 0.671394
0.184476 0.800430
3.255431 -0.411828
1.917024 -0.297320
3.614449 0.692018
2.515388 0.216556
1.122312 -0.243755
1.205841 0.320198
0.268425 -0.904185
1.595182 -0.472637
0.911429 -0.410969
0.617776 0.492144
0.002090 -0.032853
1.443617 -0.094149
1.063392 -0.248526
3.136432 0.080220
2.585661 -0.411392
2.315831 -0.617170
1.747800 0.572425
2.771029 0.607324
3.682606 -0.572037
1.132253 0.312770
2.391174 -0.173838
3.368068 0.117428
2.259055 -0.816430
3.728873 0.108167
0.731615 -0.796626
2.122027 0.109393
3.492866 -0.152471
1.305221 -0.340629
3.161375 -0.716557
0.178795 -0.481077
1.489697 -0.540199
2.416806 -0.128386
2.095819 0.221603
1.104147 -0.848181
0.932194 -0.911830
3.218131 0.977848
2.309988 0.472017
1.200618 -0.816015
0.813312 -0.494789
3.221416 -0.938953
1.818394 0.676128
0.815402 0.472358
0.665033 -0.033102
2.881787 -0.572397
3.951834 -0.447422
3.250694 0.555506
1.197618 -0.189567
1.699635 -0.874997
2.021723 0.162831
0.880225 0.238396
2.831887 0.437773
0.412896 0.988993
0.248293 -0.644176
1.090943 0.621343
0.141769 0.097160
0.979907 -0.440802
3.212970 -0.269265
