0.000000 0.000000
0.000000 0.000000
0.000000 0.000000
0.000000 0.000000
0.000000 0.000000
0.000000 0.000000
0.000000 0.000000
0.000000 0.000000
0.000000 0.000000
0.000000 0.000000
2.592632 0.001581
2.604069 -0.029744
2.619613 -0.004836
2.641871 -0.024771
2.643553 -0.018749
2.685320 -0.031721
2.718059 -0.031488
2.722245 -0.031072
2.709333 -0.025730
2.722107 -0.025443
2.734729 -0.020209
2.732739 -0.026873
2.751778 -0.024166
2.773658 -0.023774
2.783291 -0.029197
2.782459 -0.023021
2.759600 -0.019607
2.709264 -0.026081
2.692111 -0.027274
2.483546 -0.026489
1.756441 -0.003812
1.338226 0.018487
1.183643 0.024409
1.107877 0.045933
1.125661 0.038523
1.162481 0.000999
1.167110 -0.016732
1.173674 -0.017551
1.183715 -0.022430
1.190602 -0.028577
1.196382 -0.024951
1.191436 -0.028478
1.212795 -0.022557
1.237251 -0.011366
1.256286 -0.011357
1.260767 -0.007589
1.271267 -0.004389
1.272851 -0.013091
1.287768 -0.018963
1.243926 -0.008402
1.213891 -0.002216
1.212033 0.000329
1.225202 0.000559
1.241937 0.001919
1.249247 0.001797
1.260156 0.003895
1.277484 0.003565
1.295960 0.002769
1.298137 0.000377
1.314443 0.002800
1.326133 0.004428
1.325399 0.008096
1.333118 0.004238
1.341631 0.005021
1.348537 0.003442
1.333540 0.007536
1.312940 0.010594
1.291336 0.015551
1.289926 0.014918
1.307119 0.012330
1.326311 0.006050
1.357400 -0.001011
1.379419 -0.002713
1.390446 -0.002261
1.397433 -0.012385
1.396181 -0.011222
1.396216 -0.008192
1.400432 0.000882
1.406489 -0.003013
1.415284 -0.003821
1.426137 -0.001182
1.435829 -0.003270
1.452715 -0.006468
1.472189 -0.007969
1.486625 -0.010095
1.507844 -0.008828
1.523469 -0.006640
1.544716 -0.005882
1.550578 -0.003545
1.556884 -0.001331
1.567987 -0.000137
1.578744 0.001252
1.580641 0.000305
1.555471 0.004443
1.545735 0.006577
1.570460 0.006615
1.586336 -0.001118
1.607393 -0.005658
1.627965 -0.008816
1.651088 -0.010014
1.677294 -0.008727
1.698026 -0.005649
1.719585 -0.006736
1.748759 -0.006839
1.758054 -0.007568
1.767371 -0.006237
1.772241 -0.006678
1.773694 -0.006280
1.765221 -0.000342
1.780972 -0.002762
1.802975 -0.005943
1.813925 -0.007372
1.828555 -0.008037
1.839039 -0.006333
1.846247 -0.003059
1.859708 -0.001277
1.873243 0.000177
1.891332 0.002684
1.907516 0.006401
1.920423 0.005157
1.927487 0.003560
1.938352 0.005481
1.939739 0.007631
1.934548 0.010411
1.927886 0.012804
1.934787 0.014274
1.932489 0.017687
1.953196 0.012463
1.963862 0.017369
1.981749 0.016422
1.997904 0.010090
2.004035 0.000933
2.009245 -0.004165
2.021227 -0.007371
2.027331 -0.009063
2.030174 -0.011246
2.011037 -0.022194
2.018845 -0.021396
2.031038 -0.021458
2.051985 -0.014920
2.089482 -0.018756
2.115904 -0.012495
2.136443 -0.011859
2.155163 -0.009022
2.176683 -0.001808
2.189013 0.003517
2.189663 0.003425
2.198776 0.000208
2.192926 0.003859
2.196152 -0.002547
2.202598 -0.005392
2.209499 -0.006406
2.222583 -0.005965
2.233747 -0.004946
2.236475 -0.002866
2.263884 -0.007255
2.286480 -0.013417
2.308768 -0.021724
2.326999 -0.024435
2.343359 -0.025901
2.355847 -0.024547
2.364607 -0.023364
2.377963 -0.022009
2.394818 -0.017853
2.407008 -0.016597
2.417953 -0.012707
2.437647 -0.011549
2.453301 -0.011341
2.458517 -0.009253
2.468167 -0.006948
2.480567 -0.007815
2.487001 -0.007915
2.500907 -0.006287
2.516021 -0.007494
2.516892 -0.008210
2.525378 -0.010435
2.533727 -0.011010
2.547691 -0.009746
2.560809 -0.005214
2.566009 -0.008995
2.579195 -0.007791
2.600244 -0.004859
2.612913 -0.007066
2.628567 -0.008277
2.638731 -0.007458
2.658243 -0.006380
2.672830 -0.008274
2.688188 -0.008717
2.693598 -0.009673
2.700855 -0.010245
2.710568 -0.008913
2.720500 -0.005854
2.734971 -0.005326
2.740449 -0.004870
2.750480 -0.008558
2.743673 -0.010062
2.766424 -0.007409
2.775058 -0.003574
2.784773 -0.002186
2.800375 -0.001864
2.814313 -0.000451
2.833373 -0.000100
2.841088 -0.002569
2.843250 -0.001862
2.868029 -0.006007
2.875064 -0.005740
2.883164 -0.007568
2.890557 -0.012629
2.901926 -0.015539
2.910711 -0.013454
2.921730 -0.011924
2.932775 -0.008419
2.949844 -0.006696
2.959174 -0.002078
2.967441 0.001540
2.977117 0.002610
2.988943 0.009539
3.009768 0.004038
3.026740 -0.004280
