0.139756
0.097689
0.068086
0.046123
0.029180
0.015712
-0.004750
-0.015632
-0.007295
-0.014986
-0.009964
-0.009964
-0.009964
-0.009964
-0.012766
-0.012766
-0.010962
-0.005471
-0.005471
0.002802
-0.005748
-0.005748
-0.005748
-0.005748
0.000000
0.000000
0.005748
0.002802
0.002802
0.000000
0.005748
0.005748
0.008417
0.008417
0.008016
0.008016
0.005214
0.009964
0.009964
0.009964
0.009964
0.012184
0.007295
0.009515
0.004750
0.004750
0.009096
0.000000
0.000000
0.000000
0.002220
-0.002220
0.002220
-0.002220
0.000000
0.004346
-0.004346
0.000000
0.000000
0.002220
-0.002220
0.002220
-0.002220
0.000000
0.004346
-0.004346
0.000000
0.000000
0.002220
-0.004541
0.002220
-0.002220
0.000000
0.004346
-0.004346
0.000000
0.000000
0.002220
-0.002220
0.006667
-0.002220
0.000000
0.004346
-0.004346
0.000000
0.000000
0.000000
-0.002220
0.002220
-0.004346
0.000000
0.002220
-0.006667
0.000000
0.000000
0.000000
0.000000
0.002220
-0.002220
0.000000
0.002220
-0.002220
0.004541
0.000000
0.000000
0.000000
0.004346
-0.002220
0.000000
0.000000
-0.004541
0.002220
-0.002220
0.000000
0.000000
0.002220
-0.004346
0.000000
0.000000
0.000000
0.004541
-0.002220
0.000000
0.000000
0.000000
0.000000
0.000000
0.000000
0.000000
0.000000
-0.004541
0.000000
0.000000
0.000000
0.002220
-0.004541
0.000000
0.000000
0.000000
0.000000
0.006667
0.000000
0.000000
0.002220
-0.002220
0.004541
0.000000
0.000000
0.000000
0.002220
-0.004346
0.000000
0.000000
-0.004541
0.002220
-0.002220
0.000000
0.000000
0.002220
0.000000
0.000000
0.000000
0.000000
0.006667
-0.004541
0.000000
0.000000
0.000000
0.000000
-0.002220
0.000000
0.000000
